data/u_comp.json
{"header": { "discipline":0, "disciplineName":"Meteorological products", "gribEdition":2, "gribLength":79396, "center":7, "centerName":"US National Weather Service - NCEP(WMC)", "subcenter":0, "refTime":"2019-09-02T06:00:00.000Z", "significanceOfRT":1, "significanceOfRTName":"Start of forecast", "productStatus":0, "productStatusName":"Operational products", "productType":1, "productTypeName":"Forecast products", "productDefinitionTemplate":0, "productDefinitionTemplateName":"Analysis/forecast at horizontal level/layer at a point in time", "parameterCategory":2, "parameterCategoryName":"Momentum", "parameterNumber":2, "parameterNumberName":"U-component_of_wind", "parameterUnit":"m.s-1", "genProcessType":2, "genProcessTypeName":"Forecast", "forecastTime":6, "surface1Type":103, "surface1TypeName":"Specified height level above ground", "surface1Value":10.0, "surface2Type":255, "surface2TypeName":"Missing", "surface2Value":0.0, "gridDefinitionTemplate":0, "gridDefinitionTemplateName":"Latitude_Longitude", "numberPoints":65160, "shape":6, "shapeName":"Earth spherical with radius of 6,371,229.0 m", "gridUnits":"degrees", "resolution":48, "winds":"true", "scanMode":0, "nx":360, "ny":181, "basicAngle":0, "lo1":0.0, "la1":90.0, "lo2":359.0, "la2":-90.0, "dx":1.0, "dy":1.0 }, "data":
[rows 130 to 155 of 181, columns 174 to 231 of 360]
-2.619851,-2.5698512,-2.129851,-1.939851,-3.249851,-3.419851,-2.379851,-1.069851,-0.36985108,0.6101489,2.6901488,3.030149,3.1701488,4.440149,5.880149,7.5801487,8.910149,9.170149,9.430149,10.110149,10.610149,10.510149,10.560149,10.960149,10.870149,10.970149,11.400149,11.410149,11.500149,11.540149,11.520149,10.750149,9.920149,9.250149,9.810149,9.730149,9.260149,10.110149,9.820148,9.170149,9.010149,8.720149,8.250149,8.950149,8.300149,8.420149,9.220149,9.250149,9.470149,9.920149,9.590149,9.320148,10.420149,9.310149,8.890149,8.160149,7.400149,7.410149
-0.60985106,-1.559851,0.25014892,-4.109851,-3.939851,-2.619851,-1.949851,-0.9098511,-0.6498511,-0.22985107,0.23014893,0.5501489,1.030149,2.260149,4.010149,5.890149,7.480149,8.620149,9.560149,10.240149,11.300149,11.700149,12.470149,12.840149,12.720149,12.460149,12.330149,12.580149,12.330149,12.340149,12.5301485,12.270149,12.270149,11.500149,10.490149,9.820148,10.0301485,9.610149,10.670149,10.930149,10.210149,9.590149,9.370149,9.070148,8.870149,9.200149,8.910149,9.550149,10.580149,10.430149,8.670149,8.670149,8.590149,10.520149,8.990149,8.460149,8.310149,7.320149
1.050149,-3.199851,-4.769851,-3.959851,-1.929851,-0.9598511,-0.29985106,0.69014895,1.2401489,1.7201489,1.9801489,2.740149,3.4301488,4.340149,5.5801487,6.740149,7.730149,9.320148,10.810149,12.020149,13.350149,14.340149,14.490149,14.490149,14.650149,14.7801485,14.370149,13.610149,13.810149,13.660149,13.620149,13.340149,12.670149,12.440149,11.400149,10.930149,10.470149,9.970149,9.340149,10.120149,11.450149,10.250149,10.420149,10.370149,10.620149,10.240149,9.7801485,9.830149,10.240149,10.860149,9.590149,9.240149,8.970149,9.040149,10.540149,9.100149,8.240149,7.890149
-7.2298512,-5.199851,-2.729851,-1.189851,-0.40985107,1.420149,2.260149,2.620149,2.800149,2.750149,3.350149,4.530149,5.190149,6.2701488,6.950149,7.920149,10.0301485,10.760149,11.750149,13.400149,13.820148,14.960149,16.11015,16.46015,15.880149,16.63015,15.890149,14.880149,14.700149,15.070148,14.810149,14.460149,13.800149,12.740149,12.040149,12.330149,11.5301485,10.690149,10.290149,9.730149,10.170149,12.610149,11.880149,11.240149,11.060149,10.370149,9.510149,9.580149,10.720149,11.270149,11.690149,10.220149,9.560149,9.210149,8.620149,8.410149,8.970149,7.890149
-3.159851,0.30014893,2.310149,2.850149,3.090149,3.720149,3.480149,3.510149,4.140149,4.860149,5.7901487,6.0201488,6.780149,7.730149,8.360149,9.800149,10.770149,11.7801485,13.180149,13.7801485,15.130149,16.300148,16.87015,17.170149,17.560148,18.260149,17.330149,16.68015,16.010149,15.940149,15.450149,14.730149,14.130149,12.960149,11.980149,12.590149,13.000149,11.680149,10.910149,10.480149,10.440149,11.190149,11.920149,12.720149,12.370149,11.340149,11.020149,10.7801485,10.560149,11.850149,11.450149,11.360149,9.870149,9.2801485,9.210149,8.900149,8.010149,9.380149
1.570149,3.610149,4.250149,4.010149,4.880149,2.980149,4.680149,4.850149,5.190149,5.950149,6.740149,6.980149,7.620149,8.640149,9.660149,10.670149,11.520149,13.100149,13.580149,14.870149,16.500149,17.02015,17.87015,17.900148,17.720148,17.240149,18.68015,17.800148,17.830149,16.45015,15.230149,14.300149,13.380149,13.120149,13.070148,12.570148,12.220149,12.060149,11.130149,11.430149,10.770149,11.170149,11.550149,11.920149,13.750149,14.450149,12.730149,12.190149,11.340149,11.470149,12.630149,12.660149,11.680149,11.040149,10.320148,10.370149,9.660149,8.380149
4.130149,5.480149,5.380149,1.6501489,5.750149,5.410149,5.750149,5.660149,5.940149,6.0601487,6.970149,7.630149,8.440149,8.910149,10.940149,11.360149,12.670149,13.310149,14.190149,15.590149,16.490149,18.240149,17.750149,18.470148,18.12015,17.800148,17.670149,16.70015,18.060148,18.04015,17.20015,14.900149,13.430149,13.520149,12.860149,12.5301485,12.110149,12.220149,12.410149,12.270149,11.080149,11.450149,11.480149,12.170149,12.390149,14.160149,14.270149,14.610149,13.990149,12.610149,12.820148,13.770149,14.260149,13.370149,12.240149,10.710149,9.540149,8.0301485
7.190149,7.8101487,4.600149,4.140149,6.180149,6.370149,4.690149,5.240149,5.510149,6.3301487,7.510149,8.050149,8.920149,10.060149,10.380149,10.830149,12.520149,14.020149,14.910149,16.35015,17.13015,18.86015,19.13015,19.96015,20.140148,20.21015,18.800148,17.93015,16.560148,19.11015,17.12015,17.050148,15.350149,12.700149,12.730149,12.430149,12.690149,12.760149,12.800149,12.5301485,12.250149,12.060149,12.480149,12.440149,12.090149,11.260149,9.540149,10.610149,11.480149,13.840149,14.980149,13.750149,14.790149,14.160149,13.570148,10.150149,9.330149,7.920149
12.600149,8.890149,4.370149,5.240149,3.4601488,4.300149,5.140149,4.620149,5.470149,6.630149,7.500149,8.470149,9.040149,9.470149,10.770149,11.350149,12.540149,13.610149,15.170149,16.760149,17.480148,18.38015,19.18015,20.220148,20.830149,20.70015,19.900148,19.21015,18.470148,16.550148,17.590149,15.480149,15.490149,14.570148,12.610149,12.020149,12.150149,11.770149,12.450149,12.5301485,12.470149,12.260149,11.870149,12.900149,11.840149,10.620149,9.580149,11.570148,13.870149,13.170149,12.240149,13.520149,12.860149,11.710149,9.870149,10.410149,9.470149,8.140149
10.940149,2.9201488,3.990149,3.750149,3.6901488,4.160149,4.460149,4.710149,6.0601487,6.640149,7.650149,7.720149,8.770149,9.440149,9.990149,10.770149,12.290149,13.450149,14.740149,16.69015,18.27015,19.550148,20.810148,22.04015,22.010149,21.70015,20.320148,18.660149,16.86015,16.560148,15.350149,16.470148,14.830149,13.980149,12.910149,12.730149,12.250149,12.570148,11.850149,12.430149,12.360149,12.040149,12.320148,13.150149,12.250149,10.890149,11.790149,12.100149,11.900149,10.850149,9.850149,8.5301485,4.850149,6.130149,8.080149,8.650149,8.240149,7.5801487
0.36014894,1.6101489,2.120149,3.9101489,2.870149,4.530149,5.160149,5.180149,5.970149,6.5201488,6.420149,7.410149,8.090149,8.540149,9.000149,10.050149,11.350149,13.210149,14.230149,15.580149,17.650148,18.88015,21.45015,18.78015,17.320148,18.35015,16.140148,16.45015,15.180149,14.750149,13.740149,14.980149,12.820148,11.940149,11.730149,11.360149,11.290149,12.340149,12.190149,11.5301485,11.260149,11.630149,11.320148,11.400149,10.210149,10.350149,11.880149,11.790149,12.370149,10.250149,9.740149,9.360149,8.290149,7.510149,7.130149,5.500149,5.730149,6.170149
1.3801489,1.6001489,3.110149,2.4301488,3.9201488,4.930149,5.2901487,5.430149,5.380149,5.8301487,6.5801487,6.930149,7.550149,7.740149,8.480149,9.620149,11.0301485,11.830149,13.020149,14.330149,16.310148,19.220148,17.37015,15.630149,14.830149,11.680149,12.250149,10.450149,8.000149,11.040149,13.310149,10.500149,11.260149,11.470149,9.750149,10.310149,10.510149,10.070148,10.730149,10.810149,10.110149,10.590149,10.230149,8.410149,8.670149,9.510149,11.440149,12.840149,11.340149,10.420149,10.240149,10.120149,9.440149,8.150149,7.000149,6.320149,6.010149,6.700149
0.89014894,1.790149,2.1601489,3.820149,4.600149,5.230149,5.8301487,6.460149,5.630149,6.010149,6.730149,6.960149,7.200149,7.490149,8.570148,9.400149,9.800149,10.490149,11.430149,12.220149,12.900149,12.630149,9.950149,6.930149,4.0601487,4.0201488,5.160149,7.010149,7.230149,8.550149,8.800149,7.960149,7.610149,5.870149,6.350149,8.420149,8.430149,7.840149,8.690149,6.5601487,7.390149,8.090149,5.230149,6.230149,6.950149,4.150149,7.110149,10.350149,10.650149,9.0301485,9.960149,8.120149,7.0601487,5.700149,5.140149,4.700149,5.3301487,7.410149
3.1901488,3.480149,4.780149,4.840149,5.760149,6.200149,6.880149,6.980149,6.240149,6.480149,7.190149,7.050149,6.980149,7.7701488,8.5301485,8.830149,8.600149,8.960149,9.290149,8.830149,8.890149,9.950149,6.680149,4.980149,3.740149,4.480149,5.3301487,3.630149,9.680149,6.850149,4.050149,3.990149,3.490149,4.690149,6.2701488,6.030149,6.070149,6.130149,4.870149,5.530149,5.350149,2.750149,3.800149,4.780149,1.060149,0.07014892,0.2901489,-4.2098513,-4.539851,-5.159851,-2.509851,-0.40985107,-0.12985107,1.170149,3.230149,3.060149,4.0201488,6.5401487
5.150149,6.2701488,5.5201488,6.300149,6.7701488,6.980149,7.490149,7.300149,6.730149,7.110149,7.550149,7.7901487,7.240149,8.090149,8.200149,8.100149,7.620149,7.450149,7.3101487,6.380149,4.7901487,2.290149,6.3101487,6.720149,5.590149,6.130149,6.280149,7.240149,-0.10985108,-3.669851,0.27014893,2.510149,4.140149,4.430149,5.0401487,5.870149,5.170149,4.890149,5.390149,-1.429851,0.37014893,1.5901489,3.1801488,-1.1698511,-1.4898511,1.280149,-1.709851,-3.129851,-5.4398513,-4.319851,-3.3398511,-1.7698511,-0.74985105,0.82014894,2.6401489,6.3101487,8.950149,9.770149
6.880149,6.450149,6.750149,7.5401487,7.150149,7.7701488,8.350149,7.500149,7.320149,7.550149,7.7701488,7.620149,8.290149,8.150149,8.0301485,7.570149,7.030149,6.900149,6.300149,4.7701488,2.580149,-0.5098511,-3.499851,-7.469851,-10.409851,-9.559851,-9.679852,-7.929851,-5.849851,-3.239851,-0.6598511,2.590149,4.0801487,4.510149,5.740149,5.950149,5.260149,4.780149,5.5401487,-1.959851,0.7401489,-0.55985105,-0.079851076,-0.18985108,-0.4898511,-3.0598512,-4.4398513,-4.389851,-4.6898513,-2.939851,-0.5998511,-1.0398511,0.9001489,2.810149,6.600149,10.420149,8.620149,6.530149
7.180149,7.360149,7.620149,7.280149,7.610149,8.310149,8.260149,7.750149,8.070148,8.090149,7.840149,8.050149,8.410149,8.290149,7.950149,7.260149,7.070149,6.610149,5.870149,4.5601487,2.4401488,0.27014893,-1.8598511,-3.3398511,-5.9398513,-7.409851,-7.219851,-6.219851,-5.469851,-3.499851,-1.2298511,0.8701489,2.580149,4.050149,6.920149,6.120149,4.480149,3.4501488,-0.5098511,-1.5298511,-1.8998511,-0.42985108,-2.0798512,-2.679851,-2.469851,-3.899851,-3.3298512,-2.149851,-1.079851,0.49014893,-0.46985108,1.2001489,1.280149,3.220149,7.670149,4.470149,-2.659851,-3.529851
7.440149,7.8101487,7.630149,7.750149,8.400149,7.900149,7.8101487,7.570149,7.990149,8.070148,8.140149,8.310149,8.350149,8.500149,7.780149,7.230149,6.740149,6.940149,5.760149,4.700149,3.9101489,2.330149,0.090148926,-1.429851,-2.5798512,-3.759851,-4.059851,-3.679851,-3.209851,-2.219851,-0.86985105,0.41014892,2.320149,4.660149,4.970149,3.4301488,-0.55985105,-2.239851,-3.5898511,-1.969851,-2.969851,-3.739851,-4.1698513,-1.949851,-2.0998511,-1.3798511,-1.449851,-2.739851,-1.1698511,-0.9498511,-2.3398511,-1.8998511,-0.30985108,1.3901489,2.250149,-4.059851,-5.359851,-5.329851
7.590149,8.0301485,7.850149,8.270149,8.640149,8.760149,8.830149,8.750149,9.440149,8.950149,8.5301485,8.510149,8.5301485,8.550149,7.750149,7.420149,7.030149,6.7901487,6.5201488,5.700149,4.800149,3.720149,2.6801488,1.2601489,0.15014893,-0.72985107,-1.5198511,-1.929851,-1.9798511,-1.569851,-0.74985105,-0.27985108,0.50014895,1.5801489,1.4001489,-1.589851,-2.759851,-4.449851,-3.459851,-3.759851,-4.299851,-4.349851,-4.2098513,-3.919851,-2.899851,-2.629851,-1.9898511,-3.479851,-2.369851,-2.5698512,-2.499851,-2.439851,-2.0398512,-2.5398512,-3.019851,-5.569851,-5.849851,-6.319851
6.550149,7.370149,8.410149,8.570148,9.180149,9.7801485,10.010149,10.260149,9.840149,9.310149,8.860149,8.7801485,8.720149,8.120149,8.250149,7.900149,7.860149,7.360149,7.160149,6.610149,5.490149,4.8101487,3.780149,3.530149,2.480149,1.7501489,0.89014894,-0.27985108,-1.0498511,-1.0498511,-1.0298511,-0.66985106,-0.97985107,-0.7098511,2.120149,-3.0898511,-3.959851,-3.689851,-3.0698512,-3.0598512,-2.699851,-1.5998511,-0.92985106,-1.0398511,-1.569851,-1.1098511,-0.8498511,-1.5298511,-1.809851,-2.429851,-2.479851,-3.3298512,-3.899851,-3.769851,-3.3498511,-5.249851,-6.559851,-7.019851
6.670149,7.130149,7.860149,9.010149,9.740149,10.390149,10.400149,10.7801485,10.700149,9.700149,8.660149,8.950149,8.570148,8.330149,7.970149,7.690149,7.760149,7.3101487,6.880149,6.5601487,5.730149,5.200149,4.730149,4.590149,3.840149,3.6701488,2.830149,1.780149,0.7801489,0.17014892,-0.23985107,-0.79985106,-1.2898511,-1.829851,-2.5498512,-1.209851,-3.149851,-2.5998511,-2.429851,-1.7798511,-0.019851074,0.63014895,0.050148927,0.2901489,0.58014894,0.6501489,1.440149,0.31014892,-1.309851,-2.199851,-2.669851,-2.5498512,-3.969851,-4.2298512,-4.2298512,-5.399851,-5.619851,-6.559851
6.680149,7.5801487,8.740149,9.570148,9.600149,10.320148,10.670149,9.980149,9.290149,8.700149,8.930149,9.240149,8.420149,8.110149,6.860149,6.820149,6.870149,6.5401487,6.420149,6.2901487,5.490149,5.180149,4.660149,4.470149,4.680149,4.680149,3.9501488,3.4501488,2.470149,2.1401489,1.2701489,0.8601489,0.16014892,-0.049851075,-0.089851074,-1.1098511,0.9101489,0.24014893,-0.019851074,1.4892578E-4,0.64014894,0.7901489,0.47014892,1.0901489,1.1301489,1.2001489,1.2501489,1.2201489,0.39014894,-1.9198511,-2.179851,-2.6098511,-2.709851,-3.619851,-3.959851,-4.7298512,-5.129851,-5.129851
6.980149,7.8301487,7.760149,9.060149,10.0301485,9.700149,9.250149,8.640149,9.890149,9.840149,9.930149,9.440149,8.260149,8.380149,6.720149,6.0201488,5.860149,5.920149,5.660149,4.5601487,5.850149,5.620149,4.820149,4.5801487,4.680149,4.230149,3.9201488,3.4301488,3.630149,3.590149,2.9001489,2.130149,1.800149,1.540149,2.2101488,2.340149,3.350149,3.1701488,1.570149,1.320149,0.77014893,0.6501489,0.25014892,0.56014895,0.25014892,0.6101489,1.180149,1.1101489,0.8401489,-2.5498512,-3.459851,-4.489851,-2.649851,-3.209851,-3.779851,-3.519851,-4.6698513,-4.559851
2.8901489,4.920149,7.000149,8.160149,9.370149,10.000149,10.310149,10.590149,10.630149,10.180149,10.260149,9.870149,9.500149,9.570148,8.490149,6.910149,4.710149,5.2901487,4.360149,5.260149,5.800149,5.450149,5.760149,5.630149,4.680149,4.2701488,3.480149,3.580149,4.660149,4.340149,3.6501489,3.480149,3.000149,3.080149,2.840149,2.850149,4.380149,4.400149,2.080149,1.2601489,0.37014893,0.41014892,-0.25985107,-0.53985107,-1.6098511,-1.2398511,-0.97985107,-1.0298511,-2.399851,-2.929851,-3.869851,-3.0798512,-2.209851,-2.969851,-3.379851,-3.8498511,-4.029851,-4.129851
1.5001489,2.240149,4.2901487,7.440149,7.430149,7.730149,7.260149,7.340149,8.2801485,8.520149,8.270149,9.740149,8.930149,9.470149,9.440149,7.970149,8.090149,7.2701488,7.0601487,6.180149,6.420149,5.920149,6.160149,6.350149,6.220149,5.610149,3.310149,5.170149,5.3101487,4.910149,4.480149,3.8901489,3.630149,3.720149,3.070149,3.3901489,4.320149,4.250149,0.090148926,0.07014892,-0.14985107,-1.0098511,-1.179851,-1.6198511,-2.199851,-1.8798511,-2.119851,-2.519851,-2.119851,-1.9898511,-1.679851,-1.429851,-0.60985106,-0.85985106,-2.2898512,-3.619851,-3.779851,-4.019851
2.9401488,3.330149,4.030149,4.640149,4.880149,5.430149,5.8101487,7.160149,7.500149,7.620149,8.390149,9.110149,8.830149,8.580149,8.120149,8.270149,9.000149,8.700149,9.000149,8.100149,7.470149,6.7901487,7.120149,7.190149,6.510149,5.570149,5.550149,6.160149,5.300149,5.640149,5.2901487,4.200149,4.400149,4.0801487,4.380149,4.400149,4.240149,4.070149,0.7201489,-0.74985105,-0.68985105,-1.579851,-1.939851,-2.229851,-2.729851,-3.3598511,-3.639851,-3.5798512,-3.8398511,-3.869851,-2.999851,-1.7298511,-1.189851,-1.9898511,-2.5998511,-1.9198511,-2.909851,-2.979851
