data/u_comp.json
{"header": { "discipline":0, "disciplineName":"Meteorological products", "gribEdition":2, "gribLength":79396, "center":7, "centerName":"US National Weather Service - NCEP(WMC)", "subcenter":0, "refTime":"2019-09-02T06:00:00.000Z", "significanceOfRT":1, "significanceOfRTName":"Start of forecast", "productStatus":0, "productStatusName":"Operational products", "productType":1, "productTypeName":"Forecast products", "productDefinitionTemplate":0, "productDefinitionTemplateName":"Analysis/forecast at horizontal level/layer at a point in time", "parameterCategory":2, "parameterCategoryName":"Momentum", "parameterNumber":2, "parameterNumberName":"U-component_of_wind", "parameterUnit":"m.s-1", "genProcessType":2, "genProcessTypeName":"Forecast", "forecastTime":6, "surface1Type":103, "surface1TypeName":"Specified height level above ground", "surface1Value":10.0, "surface2Type":255, "surface2TypeName":"Missing", "surface2Value":0.0, "gridDefinitionTemplate":0, "gridDefinitionTemplateName":"Latitude_Longitude", "numberPoints":65160, "shape":6, "shapeName":"Earth spherical with radius of 6,371,229.0 m", "gridUnits":"degrees", "resolution":48, "winds":"true", "scanMode":0, "nx":360, "ny":181, "basicAngle":0, "lo1":0.0, "la1":90.0, "lo2":359.0, "la2":-90.0, "dx":1.0, "dy":1.0 }, "data":
[rows 130 to 155 of 181, columns 232 to 289 of 360]
5.850149,5.550149,5.740149,6.530149,6.550149,5.090149,5.100149,4.730149,3.840149,4.620149,4.210149,3.720149,5.110149,1.570149,-1.8998511,1.7301489,3.9001489,4.120149,3.330149,6.820149,5.280149,4.460149,0.9801489,-3.189851,-0.78985107,0.52014893,-0.72985107,-8.199851,-11.189851,-10.539851,-12.979851,-12.579851,-13.129851,-13.149851,-12.849851,-13.639851,-11.9698515,-11.909851,-11.389851,-11.299851,-11.249851,-11.049851,-9.889851,-8.689851,-8.409851,-7.649851,-7.029851,-5.989851,-5.099851,-4.249851,-3.5598512,-3.169851,-4.149851,-3.209851,-3.119851,-0.13985108,-1.8898511,-2.949851
6.260149,5.740149,5.710149,5.900149,7.470149,6.3101487,5.0601487,5.000149,4.240149,4.280149,5.280149,4.240149,3.240149,0.9701489,0.5901489,2.280149,1.1201489,3.760149,4.650149,6.160149,5.460149,-3.7898512,-5.109851,-4.339851,-1.339851,-1.709851,-8.229851,-11.149851,-11.429852,-10.789851,-11.609851,-12.519851,-12.209851,-12.669851,-11.839851,-11.769851,-11.589851,-11.089851,-11.509851,-11.179852,-11.189851,-9.669851,-8.709851,-8.239851,-7.629851,-7.099851,-6.579851,-5.239851,-4.629851,-4.289851,-3.399851,-2.369851,-3.159851,-3.489851,-2.959851,0.10014892,-2.209851,-0.49985108
6.690149,6.590149,6.350149,6.070149,5.480149,5.2901487,4.870149,4.870149,5.090149,4.650149,5.340149,5.500149,3.820149,1.2301489,0.43014893,0.8701489,2.570149,2.6901488,6.3101487,4.240149,-3.7898512,-5.619851,-5.089851,-5.469851,-1.0098511,-3.989851,-9.389851,-10.319851,-10.599851,-10.7198515,-11.259851,-11.179852,-11.959851,-11.639851,-10.579851,-10.769851,-11.049851,-10.989851,-10.729851,-10.809851,-9.599851,-8.339851,-8.029851,-7.4598513,-7.109851,-6.809851,-5.909851,-5.239851,-4.659851,-3.5698512,-3.2898512,-3.029851,-1.949851,-2.899851,-1.2798511,-3.0698512,-0.8398511,1.0101489
7.690149,7.2901487,7.210149,6.860149,6.510149,5.680149,5.200149,5.360149,5.890149,5.700149,6.2901487,5.900149,3.630149,0.8601489,-1.589851,-0.9598511,3.1801488,2.580149,3.800149,-1.6498511,-5.2298512,-5.039851,-5.799851,-4.139851,-1.3498511,-5.099851,-9.129851,-9.519851,-9.599851,-10.449851,-11.079851,-10.369851,-10.929852,-10.519851,-10.299851,-10.459851,-11.139851,-10.679852,-10.509851,-9.069851,-8.049851,-7.879851,-6.9398513,-7.139851,-7.009851,-6.1698513,-5.579851,-4.2098513,-3.999851,-3.0998511,-2.8398511,-2.5398512,-1.329851,-1.6498511,-0.12985107,-2.389851,-0.72985107,1.550149
7.8301487,7.0801487,6.730149,6.660149,7.160149,6.0401487,5.850149,6.2901487,6.610149,6.550149,5.610149,7.140149,0.6601489,-2.509851,-2.199851,-0.8398511,2.770149,2.570149,-0.74985105,-2.699851,-3.899851,-4.559851,-6.069851,-3.0598512,-3.429851,-4.7098513,-8.519851,-8.749851,-8.269851,-10.199851,-9.179852,-9.649851,-10.359851,-10.109851,-10.089851,-9.889851,-10.429852,-10.129851,-9.089851,-7.6698513,-7.599851,-7.849851,-7.109851,-7.149851,-6.779851,-5.809851,-4.609851,-4.1898513,-3.6098511,-3.199851,-2.889851,-1.7798511,-0.41985106,0.2601489,-1.209851,-1.7298511,-0.8798511,1.7701489
9.940149,6.910149,6.210149,6.5401487,6.350149,6.160149,6.800149,7.150149,5.600149,7.490149,7.470149,7.0401487,-1.2898511,-3.679851,-2.469851,0.57014894,2.4601488,1.8801489,-1.949851,-3.209851,-4.519851,-4.279851,-4.869851,-3.3198512,-4.4198513,-5.999851,-8.329851,-8.049851,-7.849851,-8.259851,-8.199851,-9.299851,-8.879851,-9.199851,-9.329851,-9.409851,-9.599851,-8.979851,-7.619851,-7.6698513,-7.889851,-7.369851,-7.4598513,-7.159851,-5.129851,-4.539851,-4.1698513,-3.159851,-3.239851,-3.5898511,-2.889851,-1.8898511,0.52014893,-0.18985108,-0.049851075,-0.5798511,-0.029851073,1.790149
7.170149,7.340149,6.400149,6.490149,6.440149,6.970149,7.600149,7.920149,7.680149,8.120149,8.070148,5.870149,-1.2398511,-2.459851,-1.2998511,0.9901489,1.560149,-1.3998511,-3.3398511,-3.209851,-4.029851,-4.749851,-3.279851,-3.0598512,-5.699851,-5.889851,-7.889851,-7.4798512,-7.129851,-7.929851,-8.4698515,-8.9698515,-8.009851,-8.679852,-8.399851,-8.619851,-8.639851,-7.559851,-7.549851,-7.6898513,-7.6698513,-7.1698513,-6.829851,-5.089851,-4.269851,-3.649851,-3.3598511,-3.2898512,-2.769851,-3.019851,-2.679851,-2.3298512,-0.8298511,-1.059851,0.6201489,-0.61985105,0.40014893,2.4501488
7.940149,8.010149,7.650149,6.8301487,6.990149,7.780149,8.300149,8.0301485,8.880149,8.2801485,6.510149,2.070149,-2.0598512,-2.449851,-0.6498511,-0.8398511,1.190149,-3.179851,-4.149851,-3.149851,-3.8298512,-3.8398511,-3.7998512,-2.8098512,-4.299851,-5.299851,-7.039851,-7.309851,-7.359851,-8.159851,-8.199851,-7.579851,-8.329851,-7.559851,-7.599851,-7.899851,-7.129851,-6.489851,-7.369851,-7.289851,-6.509851,-6.1898513,-5.2298512,-3.479851,-3.2898512,-2.509851,-2.509851,-2.449851,-2.3298512,-2.449851,-2.509851,-1.6198511,-0.6998511,1.290149,-1.2498511,1.0101489,0.95014894,2.6501489
8.110149,8.510149,8.200149,6.7701488,7.2901487,8.110149,9.290149,9.000149,8.990149,8.120149,4.980149,-0.8298511,-3.0898511,-2.729851,0.31014892,-1.579851,-1.2598511,-4.529851,-3.3598511,-2.889851,-4.369851,-2.889851,-3.689851,-1.929851,-2.5798512,-3.5498512,-5.589851,-5.879851,-6.749851,-6.819851,-7.599851,-8.199851,-7.069851,-7.109851,-6.949851,-6.499851,-6.389851,-6.499851,-6.629851,-5.849851,-5.309851,-4.2298512,-3.199851,-1.8498511,-1.3898511,-1.5398511,-2.199851,-2.029851,-1.3498511,-1.559851,-0.9598511,-1.7598511,-0.21985108,-0.30985108,-0.079851076,0.9201489,3.1501489,3.760149
7.410149,8.330149,7.220149,7.340149,7.860149,8.850149,10.570148,9.5301485,9.120149,3.1401489,-1.0198511,-2.949851,-2.149851,-1.329851,-2.5898511,-1.439851,-2.8198512,-4.009851,-3.619851,-2.519851,-4.679851,-2.909851,-3.0398512,-1.959851,-2.689851,-2.939851,-5.509851,-5.869851,-5.429851,-6.089851,-6.789851,-6.989851,-6.299851,-5.809851,-6.069851,-6.629851,-5.519851,-5.839851,-5.629851,-4.539851,-2.919851,-2.5498512,-1.1698511,-0.7198511,-0.7098511,-0.40985107,-0.8298511,-0.6598511,-0.78985107,-0.5298511,-0.5998511,-1.2298511,-2.219851,0.7301489,-0.9698511,1.9501489,2.350149,0.89014894
7.090149,7.0801487,8.060149,7.950149,8.610149,9.480149,10.640149,10.870149,0.050148927,-2.149851,-2.8398511,-3.209851,-2.709851,-2.0398512,-0.8498511,-1.579851,-2.8298512,-4.249851,-3.8598511,-4.949851,-3.8498511,-3.3098512,-2.669851,-3.0898511,-3.619851,-5.079851,-6.029851,-6.2098513,-5.109851,-5.869851,-6.449851,-6.129851,-5.319851,-5.6698513,-6.2098513,-5.129851,-5.6698513,-5.379851,-4.069851,-2.949851,-0.37985107,-1.2298511,-0.7098511,0.060148925,0.22014892,-0.25985107,-0.6998511,-0.12985107,-0.14985107,0.7301489,0.76014894,0.16014892,-0.6398511,-0.47985107,-1.2298511,1.3301489,0.58014894,5.0801487
7.440149,6.280149,6.360149,8.040149,9.380149,9.890149,5.990149,-2.739851,-3.5798512,-3.779851,-4.4598513,-3.7898512,-3.399851,-1.6198511,-1.5198511,-2.759851,-4.009851,-5.1698513,-3.8398511,-4.1698513,-3.009851,-3.0798512,-3.239851,-4.599851,-4.469851,-4.379851,-4.749851,-5.359851,-5.079851,-5.849851,-6.009851,-5.739851,-5.589851,-5.029851,-4.759851,-4.9398513,-4.199851,-3.889851,-2.8498511,-1.1598511,0.25014892,-0.38985106,0.18014893,1.7001489,-0.15985107,0.20014893,-0.66985106,0.69014895,0.21014893,1.2201489,1.2001489,1.0801489,1.3901489,-0.53985107,-0.5898511,3.530149,6.510149,8.210149
5.480149,5.780149,7.3101487,9.140149,9.410149,3.4401488,-3.209851,-4.679851,-5.589851,-5.349851,-5.7098513,-3.989851,-3.2898512,-2.229851,-3.0498512,-3.7998512,-3.769851,-4.409851,-4.659851,-4.2098513,-4.359851,-4.6898513,-3.969851,-5.159851,-5.069851,-4.899851,-4.7298512,-4.449851,-5.259851,-5.9598513,-6.009851,-5.989851,-5.329851,-4.2098513,-3.659851,-3.779851,-2.8298512,-2.7998512,-1.809851,0.49014893,0.51014894,1.420149,0.94014895,1.420149,0.77014893,0.13014893,0.33014894,0.49014893,1.6501489,1.7501489,2.300149,2.010149,1.7301489,1.8701489,2.730149,3.380149,4.440149,7.820149
7.490149,8.470149,8.930149,9.240149,-0.30985108,-3.869851,-5.719851,-5.7298512,-6.4398513,-6.469851,-5.049851,-3.5698512,-3.629851,-3.469851,-4.219851,-4.249851,-4.6898513,-4.769851,-5.149851,-4.6898513,-5.089851,-5.199851,-5.469851,-5.649851,-6.539851,-6.779851,-6.679851,-7.389851,-7.539851,-7.319851,-6.549851,-5.789851,-4.599851,-3.699851,-2.939851,-2.989851,-2.409851,-1.429851,-0.09985107,1.190149,0.19014892,2.220149,1.8801489,0.9801489,1.050149,0.51014894,1.2501489,2.260149,2.6501489,2.600149,2.740149,3.1701488,2.760149,2.760149,2.020149,3.1901488,3.520149,6.180149
9.670149,8.7801485,3.6801488,-2.389851,-4.659851,-6.299851,-6.059851,-6.179851,-6.589851,-6.369851,-4.379851,-3.5998511,-4.369851,-4.949851,-5.269851,-5.409851,-6.6698513,-6.7298512,-6.4398513,-5.629851,-4.4198513,-5.149851,-5.7298512,-6.369851,-7.359851,-7.039851,-7.389851,-8.4698515,-7.589851,-7.029851,-6.089851,-4.769851,-3.939851,-2.979851,-2.479851,-1.8598511,-1.699851,-0.47985107,0.6701489,0.35014892,0.49014893,3.050149,2.720149,1.9001489,2.280149,2.270149,3.4001489,2.9301488,3.030149,2.320149,2.980149,2.6601489,2.540149,2.610149,2.370149,3.020149,5.0201488,8.580149
3.9501488,-1.7398511,-4.019851,-5.4798512,-5.639851,-6.309851,-6.1898513,-5.9398513,-6.599851,-5.329851,-4.389851,-5.299851,-5.9198513,-5.809851,-5.509851,-5.859851,-6.559851,-6.9398513,-6.7298512,-4.489851,-5.4398513,-5.4798512,-4.999851,-5.6898513,-6.199851,-6.659851,-7.359851,-7.219851,-6.519851,-5.319851,-4.839851,-3.919851,-2.749851,-1.939851,-1.7898511,-1.069851,-0.44985107,0.7301489,1.0801489,2.040149,1.2101489,3.8901489,3.1401489,2.8901489,3.500149,3.050149,3.990149,3.760149,2.980149,3.260149,3.000149,2.870149,2.730149,2.1801488,2.970149,2.9101489,3.1901488,3.080149
-4.699851,-5.679851,-5.9398513,-5.839851,-6.219851,-6.429851,-6.4798512,-6.579851,-6.359851,-5.019851,-4.529851,-5.619851,-6.1898513,-5.909851,-5.259851,-5.529851,-6.119851,-6.009851,-5.589851,-4.4198513,-4.749851,-4.4798512,-4.099851,-5.029851,-5.499851,-5.839851,-5.639851,-5.289851,-4.369851,-3.269851,-3.479851,-3.189851,-1.449851,-0.5698511,-0.31985107,0.19014892,1.0201489,0.9201489,2.470149,2.720149,3.120149,4.140149,4.690149,4.210149,3.590149,4.260149,4.0201488,4.140149,4.260149,3.9401488,3.830149,4.200149,3.740149,3.830149,4.440149,4.130149,4.250149,3.9301488
-5.879851,-6.589851,-7.009851,-6.999851,-7.359851,-6.749851,-6.749851,-7.069851,-6.449851,-5.239851,-5.399851,-6.269851,-6.089851,-6.269851,-5.509851,-5.779851,-5.969851,-6.299851,-5.499851,-5.849851,-5.569851,-4.249851,-4.889851,-5.1698513,-4.889851,-4.829851,-4.499851,-2.8098512,-2.0798512,-2.389851,-1.969851,-0.73985106,-0.43985108,-0.18985108,0.8701489,0.9301489,1.2201489,2.830149,4.110149,3.980149,4.320149,4.670149,5.5801487,4.8301487,4.590149,4.610149,3.9201488,4.870149,4.820149,4.550149,4.480149,4.8301487,4.710149,4.950149,4.750149,5.280149,5.170149,4.340149
-6.779851,-7.359851,-7.7098513,-8.129851,-7.559851,-7.539851,-7.1898513,-6.969851,-6.449851,-4.839851,-5.379851,-6.219851,-6.039851,-6.049851,-6.549851,-6.029851,-6.449851,-6.339851,-5.9598513,-6.179851,-5.549851,-4.899851,-4.449851,-4.219851,-3.989851,-3.929851,-3.7898512,-2.679851,-2.009851,-1.319851,0.16014892,1.050149,0.9701489,2.310149,1.3901489,2.050149,2.720149,3.500149,3.770149,3.610149,4.000149,4.740149,5.140149,5.7701488,5.660149,4.720149,4.930149,5.760149,5.250149,5.110149,5.380149,5.8301487,6.100149,6.260149,5.820149,5.5601487,5.440149,5.240149
-7.839851,-8.389851,-8.519851,-8.419851,-8.7198515,-7.899851,-7.339851,-7.769851,-6.619851,-5.139851,-5.319851,-5.4398513,-5.279851,-5.289851,-5.779851,-5.559851,-5.569851,-5.9598513,-5.069851,-5.019851,-4.309851,-4.139851,-3.959851,-3.189851,-3.1098511,-3.149851,-3.3598511,-0.99985105,-0.019851074,0.9901489,1.540149,2.130149,2.6801488,2.2001488,2.500149,2.770149,3.6601489,3.470149,2.380149,3.980149,5.360149,5.300149,5.590149,6.750149,6.170149,5.010149,6.180149,6.620149,6.280149,6.070149,6.5801487,6.200149,6.7701488,6.740149,7.090149,6.490149,5.690149,5.640149
-7.049851,-7.469851,-7.6698513,-7.9798512,-8.369851,-7.659851,-7.549851,-6.549851,-6.359851,-5.589851,-5.239851,-4.679851,-4.6898513,-4.819851,-4.869851,-5.009851,-4.199851,-4.039851,-4.7298512,-4.129851,-3.5998511,-2.529851,-2.669851,-2.009851,-1.7698511,-1.699851,-1.3998511,-0.30985108,0.8701489,2.050149,3.120149,3.750149,3.860149,4.250149,3.4101489,3.270149,3.830149,4.430149,4.590149,4.3301487,5.860149,6.0401487,6.180149,7.400149,6.710149,5.850149,7.090149,7.300149,7.0601487,7.0401487,6.870149,6.680149,6.980149,7.7901487,8.450149,7.550149,6.590149,6.960149
-5.569851,-5.609851,-5.969851,-6.109851,-6.4398513,-6.349851,-6.2298512,-5.989851,-5.179851,-4.879851,-4.629851,-4.4798512,-4.249851,-4.309851,-4.049851,-4.809851,-3.429851,-3.5998511,-3.869851,-3.929851,-3.179851,-2.5998511,-2.139851,-1.6598511,-0.91985106,-0.6398511,-0.15985107,0.42014894,0.76014894,1.5801489,2.630149,3.6801488,3.6601489,3.4201488,3.560149,3.760149,4.8101487,5.590149,5.740149,6.350149,6.200149,6.300149,8.040149,7.250149,6.670149,7.300149,7.670149,7.960149,7.450149,7.010149,7.300149,7.3301487,7.620149,7.590149,7.480149,7.230149,6.0401487,5.5201488
-4.4798512,-4.279851,-4.549851,-4.519851,-4.859851,-5.239851,-3.449851,-3.779851,-3.8098512,-3.999851,-3.699851,-3.629851,-3.3598511,-3.149851,-3.3498511,-3.7998512,-2.959851,-2.8098512,-2.379851,-1.949851,-1.4198511,-1.719851,-1.5098511,-1.319851,-0.7698511,-0.06985107,0.42014894,0.8001489,1.030149,1.3301489,3.000149,4.150149,4.280149,3.800149,3.730149,4.510149,5.430149,6.3301487,7.0201488,6.470149,7.740149,8.590149,6.650149,6.970149,7.390149,7.550149,8.330149,7.920149,7.340149,7.220149,7.5601487,7.950149,7.570149,6.600149,7.220149,7.150149,6.670149,6.640149
-4.159851,-3.5898511,-2.969851,-3.259851,-2.949851,-2.929851,-2.719851,-2.419851,-2.5898511,-1.9098511,-1.809851,-2.2998512,-2.5598512,-2.139851,-1.6298511,-1.8698511,-1.5198511,-1.2498511,-1.0298511,-0.5098511,-0.47985107,-0.25985107,-0.029851073,0.060148925,0.44014892,1.3901489,1.3801489,1.9601489,2.300149,2.830149,4.5401487,5.030149,4.300149,4.7701488,4.870149,5.570149,6.360149,7.510149,7.720149,8.240149,9.430149,7.940149,5.7701488,7.010149,7.640149,8.240149,8.290149,7.910149,7.460149,7.2901487,7.2901487,7.110149,6.0601487,5.590149,6.420149,5.780149,5.670149,6.5601487
-4.7098513,-4.099851,-2.369851,-2.0398512,-1.7998511,-1.5098511,-1.2998511,-1.6298511,-0.78985107,-0.8398511,-0.5298511,-0.15985107,-0.42985108,-0.19985108,-0.54985106,0.18014893,0.46014893,0.57014894,0.95014894,0.7401489,0.77014893,1.2601489,1.930149,2.4201488,3.120149,3.4401488,3.300149,3.000149,3.740149,4.590149,5.260149,5.510149,5.010149,5.690149,6.240149,6.700149,7.360149,7.780149,8.480149,8.960149,9.570148,8.130149,6.490149,8.270149,8.060149,7.5801487,8.000149,7.240149,6.780149,6.590149,5.470149,6.180149,6.230149,5.860149,5.880149,6.480149,5.630149,6.2901487
-3.249851,-3.409851,-3.779851,-2.779851,-1.7398511,-0.9698511,-0.21985108,0.19014892,0.10014892,0.07014892,0.44014892,-0.18985108,0.20014893,0.6601489,1.7101489,1.660149,2.480149,2.610149,2.6601489,2.310149,2.060149,2.1401489,2.9101489,3.1601489,3.520149,3.980149,4.240149,4.150149,4.180149,4.5801487,5.360149,5.870149,5.5401487,6.100149,6.890149,7.450149,7.3301487,8.130149,8.490149,8.990149,8.700149,7.870149,7.210149,7.400149,7.8301487,7.120149,7.110149,6.160149,6.360149,6.440149,5.210149,5.050149,5.740149,5.5601487,6.070149,5.690149,4.370149,4.960149
