data/u_comp.json
{"header": { "discipline":0, "disciplineName":"Meteorological products", "gribEdition":2, "gribLength":79396, "center":7, "centerName":"US National Weather Service - NCEP(WMC)", "subcenter":0, "refTime":"2019-09-02T06:00:00.000Z", "significanceOfRT":1, "significanceOfRTName":"Start of forecast", "productStatus":0, "productStatusName":"Operational products", "productType":1, "productTypeName":"Forecast products", "productDefinitionTemplate":0, "productDefinitionTemplateName":"Analysis/forecast at horizontal level/layer at a point in time", "parameterCategory":2, "parameterCategoryName":"Momentum", "parameterNumber":2, "parameterNumberName":"U-component_of_wind", "parameterUnit":"m.s-1", "genProcessType":2, "genProcessTypeName":"Forecast", "forecastTime":6, "surface1Type":103, "surface1TypeName":"Specified height level above ground", "surface1Value":10.0, "surface2Type":255, "surface2TypeName":"Missing", "surface2Value":0.0, "gridDefinitionTemplate":0, "gridDefinitionTemplateName":"Latitude_Longitude", "numberPoints":65160, "shape":6, "shapeName":"Earth spherical with radius of 6,371,229.0 m", "gridUnits":"degrees", "resolution":48, "winds":"true", "scanMode":0, "nx":360, "ny":181, "basicAngle":0, "lo1":0.0, "la1":90.0, "lo2":359.0, "la2":-90.0, "dx":1.0, "dy":1.0 }, "data":
[rows 130 to 155 of 181, columns 116 to 173 of 360]
13.060149,10.940149,11.670149,9.350149,9.440149,10.000149,9.990149,9.760149,10.560149,10.760149,10.810149,10.430149,10.650149,10.560149,11.7801485,10.310149,9.920149,7.860149,6.280149,7.170149,7.280149,6.400149,5.300149,5.370149,6.530149,8.050149,8.760149,7.050149,2.490149,3.7101488,-1.219851,2.4101489,0.77014893,7.450149,2.830149,6.450149,4.510149,1.4701489,0.52014893,2.6501489,-0.38985106,-4.119851,-4.279851,-2.5798512,-4.129851,-5.249851,-6.4398513,-7.029851,-6.789851,-6.129851,-6.219851,-6.639851,-5.769851,-5.899851,-5.399851,-4.119851,-3.709851,-0.41985106
10.340149,10.210149,10.200149,10.090149,11.380149,10.580149,11.0301485,11.860149,12.120149,12.220149,11.5301485,11.260149,10.460149,11.350149,10.750149,11.480149,10.880149,9.140149,7.470149,7.200149,7.5601487,7.370149,7.400149,6.350149,6.820149,8.220149,8.940149,5.890149,3.730149,-0.6398511,0.8601489,2.9401488,2.080149,9.010149,4.210149,4.8101487,2.9401488,-0.119851075,-0.8498511,-1.709851,2.500149,-1.3598511,-1.6298511,-0.7098511,-1.9798511,-3.3298512,-4.179851,-4.379851,-3.889851,-4.549851,-4.619851,-3.899851,-3.469851,-2.5398512,-2.729851,-1.4798511,-1.7398511,1.180149
11.010149,11.100149,11.180149,11.760149,12.360149,12.040149,11.790149,13.050149,14.010149,12.910149,11.880149,10.450149,9.760149,9.580149,9.710149,11.870149,13.970149,9.980149,9.200149,7.840149,7.700149,7.640149,7.8101487,6.5401487,7.2701488,7.850149,8.710149,7.910149,4.350149,1.3901489,0.32014892,1.570149,2.1501489,2.020149,3.9201488,0.31014892,0.4801489,0.28014892,-0.55985105,-2.0898511,-2.8498511,-0.30985108,-0.079851076,-1.069851,-0.54985106,-0.5198511,-1.5198511,-1.0998511,-2.0698512,-2.2898512,-0.9598511,-1.9198511,-2.219851,-2.279851,-0.46985108,-0.5198511,-0.8998511,1.280149
12.790149,12.930149,13.460149,14.000149,14.040149,13.890149,13.950149,14.610149,14.570148,13.710149,13.160149,12.060149,11.290149,10.630149,10.470149,11.160149,10.050149,12.560149,9.730149,9.400149,8.020149,7.440149,7.690149,6.7901487,6.980149,7.650149,8.880149,8.520149,5.930149,4.570149,0.2901489,0.6601489,2.050149,2.340149,0.6201489,-0.46985108,0.39014894,2.130149,1.3301489,-0.60985106,-0.5998511,-0.16985108,1.040149,0.6001489,-0.22985107,-0.049851075,0.33014894,0.12014893,-0.049851075,0.08014893,-1.309851,-1.0998511,-0.54985106,1.1301489,0.8701489,-1.179851,1.030149,0.7301489
14.370149,14.880149,15.470149,15.850149,15.760149,15.910149,14.950149,14.680149,15.260149,14.910149,13.940149,13.010149,12.180149,12.920149,13.700149,12.550149,11.990149,11.340149,11.810149,9.550149,8.880149,8.170149,7.780149,7.090149,7.860149,8.290149,9.960149,9.690149,5.730149,7.3101487,7.280149,0.20014893,-0.8798511,0.8501489,-1.6498511,-0.8198511,1.820149,3.250149,2.500149,2.360149,0.9201489,0.8501489,2.250149,1.9601489,1.4701489,0.39014894,0.12014893,1.810149,1.8301489,2.000149,-0.86985105,-0.34985107,0.22014892,-0.72985107,2.3901489,1.8901489,-0.37985107,-4.079851
12.610149,13.120149,13.990149,14.860149,15.560149,15.900149,15.740149,15.680149,15.450149,14.420149,14.090149,14.610149,14.550149,14.610149,14.720149,14.610149,13.300149,11.910149,12.520149,8.690149,8.700149,8.090149,7.950149,7.370149,7.820149,8.360149,8.550149,7.960149,6.740149,7.890149,7.160149,8.270149,1.910149,0.010148926,1.2201489,0.70014894,3.540149,5.190149,3.990149,2.520149,2.760149,2.3901489,2.520149,3.330149,3.750149,3.1601489,3.4501488,3.970149,3.060149,1.5101489,0.83014894,-4.149851,0.030148925,1.670149,0.77014893,0.8001489,-0.059851073,-0.92985106
12.230149,12.790149,13.7801485,14.400149,14.770149,15.660149,15.970149,15.940149,15.460149,15.500149,15.370149,15.220149,15.690149,16.28015,16.38015,16.71015,15.750149,14.590149,13.710149,11.410149,9.100149,8.900149,8.210149,7.010149,7.460149,8.220149,7.440149,7.5601487,6.430149,7.570149,6.960149,6.850149,5.130149,2.4601488,3.7001488,2.8901489,4.090149,7.100149,6.450149,4.110149,3.260149,3.290149,2.270149,2.570149,3.6401489,4.550149,4.5801487,4.970149,4.660149,3.340149,2.4001489,0.81014895,1.070149,0.16014892,1.0801489,2.040149,2.4401488,2.770149
12.920149,13.870149,14.180149,13.680149,14.470149,16.11015,17.60015,16.730148,15.960149,15.190149,14.510149,14.300149,15.130149,19.650148,22.69015,21.68015,18.61015,16.77015,13.510149,11.680149,8.720149,7.650149,7.7901487,6.350149,6.420149,7.170149,8.480149,8.470149,8.360149,7.460149,6.470149,6.980149,5.930149,5.0401487,4.650149,4.530149,4.750149,6.840149,6.680149,5.370149,5.320149,5.050149,2.720149,1.7501489,2.270149,3.6801488,4.390149,4.160149,4.950149,5.820149,8.090149,10.580149,4.480149,9.330149,5.180149,4.860149,4.690149,6.2901487
13.290149,14.270149,14.2801485,13.620149,14.520149,15.550149,14.010149,13.240149,12.570148,11.260149,10.770149,12.540149,16.750149,22.140148,23.46015,18.080149,17.340149,15.040149,12.860149,7.590149,7.720149,6.7701488,6.300149,5.860149,6.5401487,7.930149,8.880149,8.880149,9.480149,8.240149,7.670149,7.340149,6.390149,6.090149,5.510149,4.370149,5.430149,6.900149,7.150149,6.690149,5.400149,5.470149,5.090149,4.260149,5.200149,4.850149,5.120149,5.780149,8.230149,8.040149,8.550149,10.330149,11.550149,12.960149,12.010149,10.860149,10.110149,12.020149
14.020149,14.250149,14.330149,13.710149,13.120149,12.850149,8.120149,7.910149,7.440149,6.620149,10.440149,12.940149,13.850149,17.980148,11.670149,6.2701488,5.990149,8.080149,7.670149,4.2901487,6.0801487,5.160149,5.650149,6.8301487,7.5601487,7.640149,8.600149,8.450149,8.680149,7.600149,8.380149,7.920149,7.220149,7.360149,6.700149,4.600149,6.250149,7.500149,7.490149,6.920149,6.660149,6.050149,5.760149,5.740149,5.380149,5.690149,6.980149,6.920149,8.410149,9.150149,9.7801485,10.600149,11.110149,11.490149,12.190149,12.460149,12.150149,12.470149
16.090149,16.650148,15.290149,12.710149,10.170149,7.920149,4.660149,4.690149,4.800149,6.0201488,8.180149,9.840149,4.820149,3.090149,2.720149,1.4601489,-1.3898511,-1.089851,-1.179851,1.6001489,2.9201488,3.780149,5.550149,6.190149,7.380149,8.390149,9.210149,8.590149,8.970149,9.540149,9.220149,8.760149,7.410149,8.240149,7.350149,5.370149,6.410149,7.8301487,8.110149,6.700149,6.7701488,6.470149,6.2901487,6.700149,6.980149,6.220149,7.7701488,8.590149,9.660149,10.5301485,11.660149,11.850149,11.760149,11.810149,12.370149,13.370149,12.420149,9.650149
12.640149,12.140149,9.680149,6.740149,6.900149,5.640149,3.770149,4.100149,3.720149,4.280149,4.640149,4.890149,3.370149,0.6001489,-2.209851,-8.519851,-6.589851,-4.559851,-2.209851,-0.36985108,1.810149,3.120149,5.450149,7.200149,9.090149,10.540149,10.930149,10.260149,10.5301485,11.580149,9.680149,8.630149,7.720149,8.820148,7.350149,6.410149,7.200149,8.440149,8.380149,7.760149,7.220149,7.5401487,7.3101487,7.590149,7.620149,7.370149,7.650149,7.380149,7.250149,8.800149,10.570148,11.860149,12.020149,11.590149,10.990149,10.070148,2.820149,-0.9498511
1.6201489,-1.189851,-0.10985108,2.770149,4.350149,2.350149,1.3801489,2.4001489,3.520149,3.610149,2.860149,2.520149,1.4601489,0.30014893,-0.24985108,0.64014894,0.010148926,-1.939851,-1.0098511,0.090148926,1.7101489,4.110149,5.850149,8.460149,11.200149,12.620149,13.770149,12.140149,9.440149,10.740149,8.350149,7.870149,7.690149,8.790149,8.020149,7.210149,8.120149,8.500149,8.710149,8.010149,8.560149,8.000149,7.600149,7.390149,7.190149,7.0401487,7.2901487,6.650149,7.010149,6.550149,7.410149,7.360149,8.730149,8.770149,-2.3098512,-3.989851,-0.29985106,1.7501489
-0.27985108,3.4501488,3.880149,3.520149,2.6701488,3.1801488,2.840149,2.810149,1.940149,3.100149,3.1801488,2.870149,1.8701489,2.1801488,2.490149,0.9801489,-0.66985106,-1.9998511,-2.019851,0.9901489,2.9301488,3.790149,5.300149,7.250149,11.060149,12.420149,15.100149,13.830149,11.760149,9.810149,8.580149,7.120149,6.870149,8.240149,7.890149,6.490149,6.970149,7.630149,9.440149,7.570149,7.190149,7.2701488,7.620149,7.230149,6.960149,7.500149,8.120149,8.370149,7.050149,6.5401487,6.050149,4.0401487,0.6201489,0.15014893,-0.8198511,0.75014895,3.7001488,1.6501489
-2.0698512,-2.959851,-3.129851,-3.2898512,2.970149,6.920149,8.040149,7.890149,7.180149,6.640149,4.210149,3.7101488,5.300149,2.1901488,-1.9898511,-4.349851,-4.009851,-2.8598511,-0.33985108,1.290149,3.510149,4.750149,7.030149,8.660149,10.230149,17.95015,14.040149,9.300149,9.210149,9.340149,7.110149,5.300149,5.500149,6.390149,6.620149,6.5601487,6.660149,7.600149,8.420149,9.120149,9.300149,9.610149,7.930149,7.470149,7.620149,7.820149,8.500149,8.510149,8.560149,8.070148,7.640149,7.370149,5.930149,3.4301488,4.980149,3.790149,4.000149,4.690149
-4.989851,-5.529851,-6.009851,-5.009851,-4.759851,-5.379851,-4.059851,-3.649851,-2.3398511,-0.37985107,0.6201489,-3.3198512,-7.679851,-7.519851,-5.999851,-3.259851,-2.889851,-0.61985105,1.2401489,1.7201489,2.810149,5.370149,6.380149,6.450149,6.3101487,7.070149,3.850149,5.410149,7.170149,6.610149,4.090149,3.750149,3.880149,5.0401487,6.0601487,6.470149,6.920149,7.3101487,9.050149,10.160149,10.490149,9.940149,8.080149,7.530149,7.750149,7.7701488,7.860149,8.790149,8.810149,10.340149,9.210149,9.110149,8.890149,7.910149,5.730149,5.610149,5.780149,5.250149
-4.049851,-3.269851,-4.129851,-3.999851,-4.639851,-4.579851,-5.629851,-3.369851,-5.499851,-6.399851,-6.2298512,-4.279851,-4.599851,-4.089851,-3.019851,-1.1298511,-0.029851073,1.540149,3.1601489,2.4501488,4.480149,4.7901487,5.420149,4.0601487,3.050149,1.3701489,1.2401489,3.530149,3.4501488,2.500149,2.000149,2.4101489,3.4601488,4.890149,5.990149,7.120149,7.700149,7.7901487,9.050149,9.320148,8.610149,5.490149,5.5401487,7.150149,7.960149,8.860149,8.970149,10.070148,9.370149,10.550149,12.010149,11.520149,9.290149,7.670149,5.7701488,6.430149,6.530149,7.3101487
-6.739851,-5.329851,-4.559851,-3.629851,-5.759851,-6.789851,-6.739851,-5.299851,-4.909851,-2.429851,-4.319851,-3.5498512,-3.379851,-3.3598511,-1.6398511,-0.18985108,0.18014893,-1.4998511,-1.089851,1.5801489,2.060149,2.4201488,2.320149,1.3501489,1.1101489,-0.5698511,-2.5998511,-4.4398513,-5.759851,-2.779851,-1.5998511,-0.27985108,1.160149,2.480149,4.090149,4.950149,3.590149,2.060149,1.680149,2.8901489,4.840149,5.930149,7.410149,7.380149,7.960149,8.840149,10.890149,11.240149,11.170149,11.0301485,11.040149,11.560149,9.050149,7.110149,6.130149,6.890149,7.470149,6.960149
-9.389851,-10.149851,-10.069851,-9.509851,-8.499851,-8.099851,-8.529851,-7.929851,-7.579851,-7.159851,-5.849851,-4.6698513,-2.1098511,-0.7598511,0.030148925,0.40014893,0.76014894,1.8401489,-0.4898511,-1.179851,-2.369851,-2.209851,-2.3198512,-0.49985108,0.58014894,-0.009851074,-1.7698511,-2.199851,-1.949851,-3.159851,-3.869851,-3.959851,-3.209851,-1.839851,-0.35985106,0.56014895,2.2101488,2.980149,3.870149,4.990149,6.420149,7.650149,9.260149,10.650149,11.150149,10.920149,11.290149,12.290149,12.660149,12.810149,11.250149,10.790149,11.960149,8.410149,7.390149,7.870149,7.5601487,7.2901487
-9.499851,-9.509851,-9.519851,-10.009851,-10.299851,-10.039851,-9.7198515,-9.319851,-8.839851,-8.379851,-7.059851,-3.8598511,-1.2298511,-0.35985106,-1.4898511,0.31014892,-4.359851,-5.4598513,-5.129851,-4.649851,-5.099851,-4.1698513,-4.199851,-4.589851,-3.5698512,-2.5998511,-1.929851,0.19014892,0.23014893,0.25014892,0.45014894,0.39014894,1.2401489,1.320149,2.2001488,3.6501489,4.570149,4.990149,6.620149,8.360149,9.050149,10.010149,11.250149,12.190149,11.710149,12.340149,12.800149,11.320148,11.910149,11.240149,11.300149,10.750149,10.790149,9.430149,7.570149,7.730149,6.7701488,7.120149
-7.779851,-7.609851,-7.649851,-7.809851,-7.879851,-7.649851,-7.7098513,-7.989851,-8.099851,-7.999851,-7.9798512,-7.889851,-8.479851,-9.239851,-9.429852,-9.119851,-8.929852,-8.419851,-8.169851,-7.149851,-6.549851,-5.6698513,-4.6698513,-4.759851,-5.6898513,-6.2098513,-7.829851,-8.359851,-8.729851,-8.759851,-8.299851,-7.149851,-6.579851,-5.269851,-4.4398513,-2.8398511,-1.5498511,1.3701489,4.610149,7.720149,10.330149,12.360149,12.380149,11.480149,11.320148,10.960149,11.540149,11.5301485,10.890149,10.150149,10.600149,10.100149,10.070148,7.750149,5.530149,5.380149,5.120149,6.7701488
-6.139851,-5.149851,-5.399851,-5.1898513,-5.009851,-4.819851,-4.109851,-3.629851,-4.509851,-4.649851,-5.409851,-5.789851,-5.6898513,-6.369851,-6.6698513,-6.269851,-5.539851,-4.579851,-3.709851,-4.369851,-3.8198512,-4.129851,-3.139851,-4.079851,-4.049851,-4.1898513,-5.819851,-6.989851,-7.219851,-6.129851,-6.129851,-6.829851,-6.539851,-5.349851,-4.1698513,-3.279851,-2.439851,-1.0998511,0.6001489,2.560149,3.080149,6.0201488,7.550149,8.730149,8.870149,8.760149,8.620149,9.260149,9.210149,8.770149,9.720149,8.040149,3.9501488,2.6901488,3.250149,3.520149,4.820149,6.190149
-3.379851,-3.899851,-4.019851,-3.919851,-3.719851,-3.419851,-3.469851,-3.449851,-3.989851,-3.739851,-3.179851,-2.619851,-2.689851,-3.159851,-3.259851,-2.889851,-4.359851,-2.739851,-0.79985106,-0.61985105,-1.8498511,-2.0798512,-1.929851,-2.1098511,-2.379851,-2.619851,-3.009851,-3.5898511,-3.619851,-3.8398511,-4.289851,-4.009851,-3.399851,-3.169851,-2.899851,-2.419851,-1.579851,-1.079851,-0.5898511,0.050148927,0.31014892,-0.99985105,-1.3598511,-1.1398511,2.320149,5.620149,4.710149,4.550149,4.570149,3.090149,2.1401489,0.6101489,0.12014893,0.07014892,1.3701489,3.860149,5.120149,5.960149
-2.469851,-2.749851,-2.979851,-2.699851,-2.619851,-2.8298512,-2.899851,-2.519851,-1.8698511,-2.229851,-1.9898511,-1.579851,-1.929851,-1.6698511,-1.6098511,-0.9098511,-0.37985107,0.2601489,0.70014894,0.9701489,0.6801489,1.5901489,1.1501489,0.9301489,0.5301489,-0.24985108,-0.8398511,-1.0198511,-1.319851,-1.6198511,-1.5998511,-1.319851,-1.1698511,-0.8398511,-0.7198511,-0.39985108,-0.19985108,-0.30985108,-0.33985108,-0.33985108,-0.20985107,-0.9698511,-1.699851,-2.389851,-3.719851,-4.639851,-5.579851,-5.899851,-6.2098513,-6.619851,-6.2298512,-4.899851,-2.749851,-1.2798511,-1.0498511,-0.089851074,2.9101489,2.120149
-2.239851,-2.0798512,-1.589851,-1.9098511,-1.9098511,-1.9098511,-2.219851,-1.9998511,-1.7998511,-1.459851,-1.3498511,-1.1498511,-0.93985105,-0.4898511,-0.09985107,0.11014893,0.10014892,0.13014893,0.25014892,0.16014892,-0.029851073,0.060148925,0.83014894,2.240149,3.270149,2.8901489,2.490149,2.1401489,1.9901489,1.9801489,2.3901489,2.580149,2.8901489,2.810149,2.760149,2.580149,2.4201488,2.230149,1.8601489,1.3601489,0.57014894,-0.35985106,-1.209851,-1.579851,-2.209851,-2.909851,-3.149851,-3.159851,-3.3098512,-3.269851,-3.259851,-2.959851,-2.7898512,-2.269851,-1.559851,-0.7198511,0.07014892,0.75014895
-0.089851074,-0.34985107,0.56014895,2.490149,2.240149,1.3401489,1.2501489,1.560149,1.9701489,2.250149,2.520149,2.4501488,2.100149,1.8701489,1.790149,1.8401489,1.3401489,0.71014893,0.46014893,0.56014895,0.51014894,0.050148927,-0.40985107,-0.7698511,-1.1298511,-1.3498511,-1.219851,-0.61985105,0.43014893,1.3601489,2.1501489,2.870149,3.500149,3.9201488,3.990149,3.840149,3.810149,3.790149,3.6801488,3.260149,2.6701488,2.000149,1.440149,0.70014894,0.15014893,-0.29985106,-0.47985107,-0.53985107,-0.39985108,-0.16985108,0.13014893,0.37014893,0.71014893,1.1201489,1.300149,1.5001489,1.7601489,2.330149
