data/u_comp.json
{"header": { "discipline":0, "disciplineName":"Meteorological products", "gribEdition":2, "gribLength":79396, "center":7, "centerName":"US National Weather Service - NCEP(WMC)", "subcenter":0, "refTime":"2019-09-02T06:00:00.000Z", "significanceOfRT":1, "significanceOfRTName":"Start of forecast", "productStatus":0, "productStatusName":"Operational products", "productType":1, "productTypeName":"Forecast products", "productDefinitionTemplate":0, "productDefinitionTemplateName":"Analysis/forecast at horizontal level/layer at a point in time", "parameterCategory":2, "parameterCategoryName":"Momentum", "parameterNumber":2, "parameterNumberName":"U-component_of_wind", "parameterUnit":"m.s-1", "genProcessType":2, "genProcessTypeName":"Forecast", "forecastTime":6, "surface1Type":103, "surface1TypeName":"Specified height level above ground", "surface1Value":10.0, "surface2Type":255, "surface2TypeName":"Missing", "surface2Value":0.0, "gridDefinitionTemplate":0, "gridDefinitionTemplateName":"Latitude_Longitude", "numberPoints":65160, "shape":6, "shapeName":"Earth spherical with radius of 6,371,229.0 m", "gridUnits":"degrees", "resolution":48, "winds":"true", "scanMode":0, "nx":360, "ny":181, "basicAngle":0, "lo1":0.0, "la1":90.0, "lo2":359.0, "la2":-90.0, "dx":1.0, "dy":1.0 }, "data":
[rows 130 to 155 of 181, columns 290 to 347 of 360]
1.550149,2.250149,2.510149,3.100149,2.600149,3.1701488,3.630149,4.710149,6.5201488,5.390149,5.5401487,4.970149,4.720149,6.340149,7.5601487,8.570148,9.230149,10.040149,9.920149,10.070148,10.560149,10.520149,9.7801485,7.620149,6.8101487,6.650149,5.940149,7.350149,7.0201488,8.060149,6.8301487,5.930149,5.850149,4.500149,2.7001488,2.840149,-0.15985107,0.32014892,-0.8998511,-2.699851,-4.599851,-5.4798512,-5.499851,-6.799851,-7.199851,-7.4798512,-7.719851,-6.899851,-6.769851,-5.609851,-5.9198513,-4.399851,-4.069851,-3.3498511,-1.3698511,-1.2998511,-1.5498511,1.8501489
-0.24985108,2.820149,2.9601488,2.110149,2.240149,4.430149,5.5601487,5.490149,5.990149,5.930149,6.570149,7.590149,7.0201488,6.400149,7.410149,10.480149,12.7801485,13.050149,12.360149,10.690149,10.620149,10.820148,9.650149,8.560149,7.160149,7.2901487,6.990149,7.340149,7.280149,6.340149,8.700149,5.220149,2.820149,-0.8498511,2.530149,3.130149,2.090149,-0.5698511,0.030148925,-0.55985105,-1.2598511,-1.839851,-2.959851,-3.019851,-3.2898512,-3.669851,-5.039851,-5.799851,-4.9398513,-3.899851,-2.719851,-1.1098511,-0.119851075,0.45014894,1.060149,1.420149,3.4101489,3.1801488
2.530149,2.290149,3.780149,3.7001488,6.0801487,7.5201488,6.430149,6.190149,6.2901487,6.420149,7.240149,7.110149,7.8101487,9.890149,9.730149,10.150149,11.250149,12.620149,13.330149,13.070148,11.2801485,10.940149,9.670149,8.430149,7.070149,6.890149,7.240149,7.2701488,8.400149,8.310149,7.760149,1.7401489,-0.4598511,-1.2498511,-0.42985108,-2.269851,-5.949851,1.7001489,-0.23985107,-0.53985107,-1.0098511,-1.5398511,-1.0298511,-0.8398511,-1.309851,-4.909851,-4.2098513,-3.169851,-3.3598511,-2.249851,-1.569851,-0.85985106,0.8501489,2.1901488,2.470149,3.6701488,5.370149,4.940149
1.790149,2.780149,5.910149,5.500149,6.000149,6.980149,6.200149,5.5601487,5.950149,6.220149,6.350149,8.470149,8.500149,10.000149,10.570148,11.540149,11.460149,12.660149,12.980149,12.590149,10.900149,9.910149,9.210149,8.240149,8.160149,7.750149,7.670149,7.5801487,10.170149,11.200149,1.540149,-2.969851,-1.5498511,-2.229851,-2.5698512,-3.869851,-3.389851,-0.12985107,0.8701489,-1.199851,-3.5498512,-2.0598512,-0.9498511,0.41014892,0.9201489,-1.469851,-0.4898511,-0.92985106,-0.80985105,-0.33985108,0.76014894,1.7501489,2.6901488,3.350149,4.380149,5.3301487,6.800149,6.940149
4.120149,4.100149,2.9601488,3.8901489,5.930149,7.250149,5.250149,4.940149,4.890149,6.590149,6.690149,7.110149,7.840149,9.470149,11.790149,10.670149,11.260149,11.930149,13.090149,12.610149,10.080149,7.700149,7.860149,8.100149,8.2801485,7.680149,6.610149,5.0401487,7.0401487,5.680149,-4.099851,-3.8398511,-4.6698513,-4.589851,-3.629851,-2.0498512,-0.86985105,-3.749851,-4.499851,-3.169851,-2.7998512,-1.9898511,-0.089851074,2.1501489,3.520149,2.7001488,3.050149,3.300149,2.800149,3.6801488,3.730149,4.700149,5.510149,6.2901487,6.7901487,7.420149,8.040149,8.740149
-0.5698511,2.7101488,3.570149,3.770149,7.0201488,5.380149,4.730149,4.230149,4.760149,6.100149,6.720149,5.7701488,6.3101487,7.360149,7.350149,7.8101487,9.360149,11.900149,13.360149,12.100149,9.080149,7.660149,7.420149,7.070149,6.800149,6.900149,6.210149,-0.92985106,-3.449851,2.340149,-5.079851,-4.079851,-4.069851,-3.5898511,-3.509851,-2.769851,-3.369851,-3.869851,-3.249851,-2.0898511,-5.549851,-5.659851,-1.3598511,2.7101488,3.4301488,4.010149,5.3301487,5.590149,6.7701488,6.950149,6.740149,7.610149,8.520149,8.710149,9.120149,9.410149,9.460149,9.420149
0.7901489,2.240149,5.410149,5.870149,5.420149,4.0201488,3.820149,3.750149,4.140149,4.940149,3.980149,3.4501488,4.730149,6.170149,5.470149,5.5401487,5.340149,5.820149,5.5801487,8.400149,6.500149,6.5801487,6.860149,6.2901487,6.470149,6.260149,5.690149,1.7401489,-1.1398511,-1.8498511,-2.669851,-1.3798511,-1.959851,-3.119851,-2.979851,-2.7998512,-2.759851,-3.219851,-2.489851,-2.999851,-5.319851,-4.239851,-3.419851,-0.9598511,0.58014894,0.5301489,4.070149,6.720149,7.500149,7.340149,8.880149,10.120149,9.660149,10.640149,10.680149,10.900149,10.800149,10.720149
3.1601489,3.370149,3.810149,6.470149,5.900149,2.320149,2.780149,2.540149,3.030149,2.9401488,2.080149,2.470149,1.5201489,1.8701489,1.1101489,1.910149,2.260149,2.570149,-0.27985108,1.7101489,3.6501489,5.730149,6.700149,7.090149,5.600149,5.8101487,5.650149,2.1901488,2.250149,3.040149,0.8401489,-0.98985106,-1.0998511,-1.3898511,-2.009851,-1.3698511,-3.379851,-4.029851,-4.469851,-4.2098513,-3.919851,-3.139851,-0.47985107,1.540149,2.870149,3.9501488,5.5801487,7.130149,8.490149,9.680149,10.960149,11.160149,11.520149,11.140149,11.050149,11.290149,11.590149,11.700149
2.540149,3.830149,4.720149,5.590149,3.8901489,2.1601489,2.080149,2.1701488,2.260149,1.9601489,1.050149,1.170149,1.1101489,0.8701489,0.7901489,2.030149,3.1501489,3.610149,3.100149,0.27014893,-2.489851,-4.829851,-3.5898511,-4.359851,-2.0598512,-1.089851,4.120149,4.100149,3.570149,4.880149,2.090149,0.69014895,0.41014892,-0.39985108,-1.829851,-3.969851,-3.479851,-4.039851,-3.429851,-2.769851,-0.089851074,0.96014893,2.4101489,3.620149,5.300149,6.670149,7.820149,8.650149,9.620149,10.390149,11.420149,11.970149,11.570148,10.900149,11.360149,12.120149,12.310149,12.180149
2.220149,4.150149,4.980149,6.240149,2.970149,2.850149,2.090149,2.320149,1.7301489,2.610149,2.030149,1.690149,1.6001489,1.7601489,1.6301489,5.070149,4.670149,4.300149,3.620149,4.5201488,1.940149,0.5501489,-0.60985106,-0.79985106,-0.35985106,1.0801489,1.320149,-0.21985108,-1.5098511,4.2901487,2.000149,-0.37985107,-1.0998511,-1.9798511,-3.269851,-3.8198512,-3.679851,-2.689851,-1.0098511,1.050149,2.630149,3.7001488,4.400149,5.120149,6.120149,7.230149,7.850149,8.820148,9.560149,10.260149,10.920149,11.160149,10.660149,11.050149,10.660149,11.970149,12.070148,11.930149
6.210149,3.6601489,6.090149,5.880149,4.450149,3.590149,3.8901489,2.240149,2.3901489,2.360149,2.4501488,2.330149,2.370149,2.3901489,2.760149,4.0801487,4.980149,7.620149,6.550149,5.750149,4.210149,3.840149,3.320149,2.520149,2.630149,2.760149,3.2101488,2.340149,0.42014894,0.7201489,-2.689851,-3.119851,-3.869851,-4.139851,-4.559851,-5.259851,-2.869851,-0.17985107,1.4001489,2.820149,4.750149,5.920149,7.390149,8.300149,7.940149,7.7901487,8.390149,7.800149,8.620149,10.040149,10.490149,11.040149,11.070148,10.980149,11.040149,11.600149,11.430149,11.070148
7.440149,8.320148,6.120149,5.110149,5.0801487,5.7901487,6.120149,3.260149,2.260149,2.240149,2.8901489,2.790149,2.6801488,2.120149,2.510149,3.630149,5.180149,7.0201488,8.770149,7.900149,7.380149,6.480149,6.100149,5.680149,5.800149,5.7701488,4.500149,3.990149,2.750149,-1.449851,-4.119851,-4.4198513,-4.9798512,-4.9798512,-4.489851,-3.209851,-1.069851,1.0801489,2.9301488,4.690149,5.680149,7.5401487,7.420149,6.880149,8.570148,8.510149,9.140149,10.140149,10.660149,10.970149,11.400149,11.770149,11.920149,11.980149,11.700149,11.710149,11.150149,10.940149
8.050149,7.090149,5.400149,5.0801487,6.720149,4.990149,4.900149,3.080149,1.8701489,1.6101489,1.9901489,2.1801488,3.030149,1.820149,2.040149,2.520149,3.4601488,1.160149,5.230149,7.130149,7.640149,7.990149,7.5801487,7.130149,8.150149,7.090149,7.970149,5.050149,-0.68985105,-3.959851,-5.409851,-5.739851,-5.7098513,-4.829851,-2.7898512,-1.3698511,0.5401489,2.540149,4.7701488,6.210149,7.350149,4.500149,6.130149,6.630149,7.450149,8.860149,9.450149,10.000149,10.540149,11.380149,11.660149,11.810149,11.330149,11.050149,10.760149,10.670149,10.370149,10.400149
8.640149,5.780149,5.800149,6.610149,7.530149,6.3301487,3.290149,4.120149,4.930149,3.270149,1.570149,1.8801489,1.7001489,1.3401489,0.57014894,0.13014893,-0.8298511,-2.8198512,-2.629851,4.970149,6.710149,7.870149,6.990149,7.070149,8.210149,5.590149,1.690149,2.370149,-4.029851,-7.309851,-7.359851,-6.179851,-5.599851,-2.5498512,-0.9498511,1.060149,3.230149,4.550149,6.070149,3.6901488,3.110149,5.250149,7.100149,7.360149,7.800149,8.150149,9.240149,4.750149,6.150149,6.2701488,7.650149,7.970149,7.5601487,5.900149,6.870149,7.630149,7.980149,8.330149
5.660149,3.1401489,3.550149,8.480149,6.450149,4.340149,3.240149,3.6701488,3.9201488,4.0801487,2.850149,1.430149,0.96014893,0.63014895,-0.049851075,-1.079851,-1.839851,-2.6098511,-3.949851,-4.879851,-7.639851,1.0001489,0.89014894,0.19014892,-1.1398511,0.16014892,-4.219851,-7.839851,-10.019851,-8.759851,-7.149851,-5.829851,-4.559851,-0.6498511,2.850149,3.7101488,4.050149,-1.2398511,0.9101489,4.030149,4.600149,4.990149,5.5601487,6.340149,3.4601488,5.600149,3.230149,3.380149,2.020149,1.170149,0.10014892,-1.2698511,-2.179851,-1.589851,-2.129851,-2.5498512,-2.1098511,-0.9698511
4.250149,3.130149,4.0201488,5.5401487,5.620149,4.5401487,4.910149,4.490149,4.650149,4.370149,3.8901489,2.300149,0.6201489,0.15014893,-0.18985108,-0.78985107,-1.8698511,-3.1098511,-3.759851,-4.969851,-5.379851,-7.739851,-8.629851,-9.669851,-10.199851,-10.179852,-10.149851,-9.019851,-7.989851,-7.009851,-4.969851,-3.389851,-1.7498511,-0.8298511,-2.479851,-1.0498511,-1.069851,1.1001489,2.830149,3.9401488,-1.8698511,-0.42985108,2.040149,1.9901489,2.760149,2.1701488,0.5401489,0.9101489,-0.37985107,-1.7998511,-2.499851,-3.6098511,-4.4798512,-4.619851,-4.679851,-4.299851,-3.949851,-3.7998512
5.0201488,6.210149,6.950149,6.490149,6.370149,5.5601487,4.300149,3.760149,4.090149,4.570149,3.530149,3.050149,0.5901489,0.28014892,-0.28985107,-0.6498511,-1.1698511,-2.519851,-3.5998511,-4.259851,-4.509851,-5.109851,-2.979851,-4.199851,-5.829851,-6.039851,-5.829851,-5.589851,-5.239851,-3.709851,-2.169851,-2.0898511,-1.0198511,-3.5398512,-2.929851,-1.719851,0.39014894,0.35014892,-2.8398511,-1.2298511,-0.68985105,-0.49985108,0.060148925,-0.12985107,0.7301489,1.8501489,0.9301489,-0.019851074,-0.2698511,-1.1498511,-1.939851,-2.3198512,-2.8198512,-3.119851,-3.3298512,-3.489851,-3.489851,-3.889851
4.970149,5.590149,5.840149,6.300149,6.0801487,5.460149,4.730149,4.600149,4.730149,4.910149,3.750149,3.630149,1.8401489,0.42014894,-0.19985108,-0.5998511,-1.1198511,-1.929851,-2.8298512,-3.3498511,-3.8598511,-3.479851,-4.099851,-4.539851,-2.929851,-2.0998511,-1.7998511,-1.6098511,-1.2998511,-2.369851,-3.139851,-4.399851,-3.5398512,-3.3198512,-1.319851,-0.47985107,-3.0798512,-2.189851,-1.969851,-1.7798511,-1.709851,-1.2998511,-1.3798511,-1.559851,-1.2998511,-0.25985107,-0.8498511,-0.91985106,-0.8998511,-0.5298511,-2.429851,-3.449851,-2.759851,-3.5698512,-3.639851,-3.3198512,-2.8298512,-3.459851
5.300149,5.590149,5.5601487,5.880149,5.5401487,5.700149,5.650149,6.0801487,5.320149,4.430149,4.700149,3.6901488,1.310149,-0.16985108,-0.6398511,-1.069851,-1.059851,-1.6698511,-2.5998511,-2.8298512,-3.169851,-3.5598512,-2.719851,-3.189851,-2.419851,-2.0898511,-1.439851,-0.38985106,-2.6098511,-4.079851,-4.519851,-3.909851,-3.169851,-3.899851,-5.069851,-4.719851,-4.1698513,-3.649851,-3.2898512,-2.8398511,-2.6098511,-2.0898511,-1.4998511,-0.53985107,-1.8698511,-1.7798511,-2.449851,-2.3598511,-2.129851,-2.3198512,-2.269851,-1.9998511,-2.3498511,-1.8998511,-1.4998511,-0.72985107,-0.8198511,-0.46985108
5.700149,5.5201488,5.780149,5.760149,5.720149,6.400149,6.490149,6.010149,5.660149,5.380149,4.220149,3.1901488,1.540149,-1.219851,-1.439851,-2.239851,-1.709851,-1.7698511,-2.279851,-1.589851,-1.709851,-1.059851,-1.1598511,-1.569851,-2.479851,-2.3598511,-3.5598512,-5.069851,-5.759851,-5.969851,-5.449851,-4.719851,-4.4798512,-4.349851,-4.389851,-3.8098512,-3.919851,-3.769851,-3.0798512,-2.229851,-1.9998511,-1.569851,-2.009851,-2.229851,-1.6098511,-1.5198511,-2.219851,-1.6198511,-1.459851,-1.3998511,-1.5398511,-1.1698511,-1.1498511,-0.72985107,-0.33985108,-0.09985107,0.27014893,0.57014894
6.230149,5.880149,5.950149,6.300149,6.680149,7.180149,7.400149,6.050149,5.380149,3.830149,3.230149,2.260149,1.920149,-2.0898511,-1.9198511,-3.129851,-2.2898512,-1.0198511,-0.12985107,-0.8798511,-1.689851,-1.459851,-2.169851,-2.399851,-2.669851,-2.669851,-3.519851,-4.289851,-4.949851,-4.799851,-4.609851,-4.509851,-4.179851,-3.999851,-3.8498511,-4.009851,-3.709851,-2.999851,-2.179851,-1.959851,-2.0898511,-1.3498511,-2.119851,-0.8298511,-1.309851,-1.6598511,-1.6698511,-1.3998511,-1.189851,-0.97985107,-0.53985107,-0.2698511,0.030148925,0.40014893,0.70014894,0.88014895,1.1401489,1.4901489
6.390149,6.090149,5.470149,7.190149,7.730149,8.0301485,6.660149,4.860149,2.320149,2.730149,4.130149,2.230149,1.680149,-0.42985108,-3.529851,-2.909851,-2.469851,-1.2998511,-0.46985108,-1.4198511,-1.339851,-2.3298512,-2.999851,-3.189851,-3.439851,-3.669851,-4.029851,-4.239851,-4.489851,-4.389851,-4.059851,-4.039851,-4.289851,-3.889851,-3.379851,-2.5698512,-1.6598511,-1.1098511,-0.67985106,-1.309851,-1.2498511,-1.5498511,-1.4898511,-1.0198511,-0.68985105,-0.9098511,-0.5098511,-0.119851075,0.32014892,0.52014893,0.70014894,0.83014894,1.3401489,1.680149,2.040149,2.360149,2.720149,3.230149
7.280149,6.370149,5.390149,5.640149,6.890149,5.710149,5.160149,3.380149,2.730149,-0.19985108,-4.399851,-2.5798512,-0.8998511,-4.149851,-4.289851,-3.719851,-3.0398512,-2.0798512,-1.189851,-0.6498511,-0.74985105,-1.5498511,-2.899851,-3.669851,-3.7898512,-3.8598511,-3.979851,-4.039851,-3.919851,-3.889851,-3.7998512,-3.5598512,-3.169851,-2.3598511,-1.4998511,-0.85985106,-0.40985107,0.4801489,0.11014893,-0.28985107,-0.41985106,-0.19985108,-0.13985108,0.32014892,0.6101489,1.1201489,1.3401489,1.4001489,1.780149,2.1501489,2.490149,2.810149,3.310149,3.840149,4.260149,4.550149,4.760149,4.8301487
8.020149,6.510149,6.0201488,5.690149,5.000149,4.8301487,3.590149,1.6401489,-2.979851,-3.0498512,-2.019851,-4.699851,-6.339851,-3.259851,-2.469851,-2.699851,-2.669851,-2.689851,-2.119851,-1.309851,-1.179851,-1.199851,-2.129851,-2.739851,-3.0398512,-3.0898511,-3.0398512,-3.2998512,-3.129851,-2.769851,-2.389851,-1.9198511,-1.199851,-0.61985105,0.17014892,0.8601489,1.1401489,1.280149,1.2501489,1.2201489,1.4901489,1.780149,2.030149,2.1801488,2.360149,2.590149,2.9501488,3.230149,3.500149,3.9301488,4.340149,4.750149,5.190149,5.640149,5.980149,6.0801487,6.150149,6.0801487
5.990149,5.530149,5.800149,4.660149,4.100149,5.0801487,3.260149,-0.22985107,0.050148927,-0.6598511,-3.8198512,1.7501489,3.620149,-2.5798512,-1.719851,-2.009851,-2.119851,-2.139851,-2.489851,-2.3198512,-1.719851,-1.4098511,-1.6598511,-2.0598512,-2.179851,-2.0998511,-1.8998511,-1.5998511,-1.4098511,-1.1298511,-0.5298511,0.060148925,0.6701489,1.1001489,1.4501489,1.7501489,1.780149,1.790149,1.9601489,2.320149,2.6501489,2.8901489,2.9601488,3.480149,3.630149,3.820149,4.050149,4.400149,4.750149,5.0201488,5.370149,5.5801487,5.950149,6.170149,6.410149,6.570149,6.7701488,6.680149
5.5801487,6.990149,5.260149,2.6401489,3.590149,0.81014895,0.20014893,-4.049851,-0.67985106,3.9101489,1.690149,3.1801488,1.530149,-1.0298511,-1.589851,-1.2698511,-1.449851,-2.229851,-2.429851,-2.249851,-1.679851,-1.3498511,-1.339851,-1.6498511,-1.6698511,-1.569851,-1.449851,-0.9498511,-0.35985106,0.27014893,0.83014894,1.060149,1.3801489,1.7201489,2.090149,2.320149,2.320149,2.350149,2.3901489,2.7101488,3.380149,3.6801488,4.380149,4.710149,5.000149,4.940149,4.950149,5.250149,5.320149,5.600149,5.5401487,5.710149,5.840149,6.140149,6.370149,6.480149,6.610149,6.5601487
