data/v_comp.json
{"header": { "discipline":0, "disciplineName":"Meteorological products", "gribEdition":2, "gribLength":79958, "center":7, "centerName":"US National Weather Service - NCEP(WMC)", "subcenter":0, "refTime":"2019-09-02T06:00:00.000Z", "significanceOfRT":1, "significanceOfRTName":"Start of forecast", "productStatus":0, "productStatusName":"Operational products", "productType":1, "productTypeName":"Forecast products", "productDefinitionTemplate":0, "productDefinitionTemplateName":"Analysis/forecast at horizontal level/layer at a point in time", "parameterCategory":2, "parameterCategoryName":"Momentum", "parameterNumber":3, "parameterNumberName":"V-component_of_wind", "parameterUnit":"m.s-1", "genProcessType":2, "genProcessTypeName":"Forecast", "forecastTime":6, "surface1Type":103, "surface1TypeName":"Specified height level above ground", "surface1Value":10.0, "surface2Type":255, "surface2TypeName":"Missing", "surface2Value":0.0, "gridDefinitionTemplate":0, "gridDefinitionTemplateName":"Latitude_Longitude", "numberPoints":65160, "shape":6, "shapeName":"Earth spherical with radius of 6,371,229.0 m", "gridUnits":"degrees", "resolution":48, "winds":"true", "scanMode":0, "nx":360, "ny":181, "basicAngle":0, "lo1":0.0, "la1":90.0, "lo2":359.0, "la2":-90.0, "dx":1.0, "dy":1.0 }, "data":
[rows 0 to 25 of 181, columns 0 to 59 of 360]
-4.006321,-4.086321,-4.176321,-4.2663207,-4.3463206,-4.436321,-4.5163207,-4.5963206,-4.676321,-4.756321,-4.836321,-4.9063206,-4.9763207,-5.0563207,-5.126321,-5.196321,-5.256321,-5.3263206,-5.3863206,-5.456321,-5.5163207,-5.5763206,-5.626321,-5.686321,-5.736321,-5.796321,-5.8463206,-5.896321,-5.936321,-5.986321,-6.026321,-6.066321,-6.106321,-6.146321,-6.186321,-6.216321,-6.2463207,-6.276321,-6.3063207,-6.336321,-6.356321,-6.3863206,-6.4063206,-6.426321,-6.436321,-6.456321,-6.466321,-6.4763207,-6.486321,-6.4963207,-6.4963207,-6.506321,-6.506321,-6.506321,-6.4963207,-6.4963207,-6.486321,-6.4763207,-6.466321,-6.456321
-1.3363208,-1.4863209,-1.6463208,-1.7963208,-1.9363208,-2.0963209,-2.2363207,-2.3963208,-2.546321,-2.6863208,-2.806321,-2.9363208,-3.056321,-3.1763208,-3.2863207,-3.3963208,-3.5163207,-3.6163208,-3.7163208,-3.816321,-3.9063208,-3.9963207,-4.086321,-4.186321,-4.276321,-4.376321,-4.486321,-4.5963206,-4.706321,-4.796321,-4.896321,-4.9763207,-5.0563207,-5.1363206,-5.216321,-5.2663207,-5.336321,-5.3863206,-5.456321,-5.506321,-5.5563207,-5.5963206,-5.6363206,-5.666321,-5.696321,-5.7263207,-5.736321,-5.7463207,-5.756321,-5.7663207,-5.776321,-5.776321,-5.776321,-5.7663207,-5.756321,-5.756321,-5.756321,-5.756321,-5.756321,-5.756321
-1.9063208,-1.9963208,-2.0963209,-2.1963208,-2.296321,-2.3863208,-2.4863207,-2.576321,-2.6363208,-2.6963208,-2.7463207,-2.796321,-2.8563209,-2.9063208,-2.9563208,-3.0263207,-3.076321,-3.1263208,-3.1763208,-3.2363207,-3.306321,-3.3663208,-3.4463208,-3.5063207,-3.566321,-3.6163208,-3.6563208,-3.6763208,-3.6963208,-3.7063208,-3.7063208,-3.7263207,-3.7763207,-3.826321,-3.8863208,-3.9763207,-4.066321,-4.196321,-4.3263206,-4.446321,-4.5763206,-4.696321,-4.7863207,-4.8663206,-4.946321,-5.026321,-5.1163206,-5.206321,-5.3063207,-5.416321,-5.5163207,-5.6163206,-5.716321,-5.8263206,-5.926321,-6.0163207,-6.106321,-6.196321,-6.296321,-6.3863206
-0.7263208,-0.8463208,-0.9863208,-1.1363208,-1.2963208,-1.4463208,-1.5963207,-1.7263207,-1.8563209,-1.9863209,-2.1363208,-2.2763207,-2.4263208,-2.546321,-2.6563208,-2.7463207,-2.826321,-2.9163208,-2.9663208,-3.0163207,-3.066321,-3.1063209,-3.1463208,-3.2063208,-3.316321,-3.4563208,-3.6263208,-3.7863207,-3.9263208,-4.0363207,-4.146321,-4.316321,-4.3263206,-4.296321,-4.316321,-4.3263206,-4.296321,-4.2863207,-4.296321,-4.316321,-4.3463206,-4.356321,-4.3863206,-4.416321,-4.426321,-4.4763207,-4.526321,-4.5763206,-4.666321,-4.776321,-4.876321,-4.956321,-5.026321,-5.086321,-5.1563206,-5.2263207,-5.3063207,-5.4063206,-5.526321,-5.626321
-0.6163208,-0.6963208,-0.7763208,-0.8863208,-0.9963208,-1.1063209,-1.2063208,-1.3063208,-1.4063208,-1.5063208,-1.5963207,-1.6963208,-1.7763208,-1.8763208,-1.9863209,-2.1063209,-2.2763207,-2.4863207,-2.6963208,-2.8363209,-2.8563209,-2.816321,-2.816321,-2.8563209,-2.9763207,-3.066321,-3.0363207,-2.9863207,-3.046321,-3.1763208,-3.3463209,-3.4563208,-3.5063207,-3.576321,-3.7063208,-3.8963208,-4.0363207,-4.126321,-4.1563206,-4.146321,-4.1563206,-4.176321,-4.216321,-4.296321,-4.396321,-4.4963207,-4.506321,-4.466321,-4.416321,-4.316321,-4.236321,-4.126321,-4.066321,-4.0563207,-4.0363207,-4.126321,-4.2263207,-4.3663206,-4.4763207,-4.606321
-1.2463208,-1.3163208,-1.3863208,-1.4563208,-1.5163208,-1.5663208,-1.6163208,-1.6663208,-1.7063208,-1.7463208,-1.7863208,-1.8263208,-1.8763208,-1.9263208,-1.9563208,-1.9963208,-2.0263207,-2.066321,-2.076321,-2.1063209,-2.1263208,-2.1463208,-2.1863208,-2.2163208,-2.2663207,-2.296321,-2.3763208,-2.4863207,-2.6163208,-2.7863207,-2.9463208,-3.1563208,-3.3663208,-3.5163207,-3.6363208,-3.7363207,-3.806321,-3.8863208,-3.9363208,-3.9863207,-4.046321,-4.0963206,-4.146321,-4.186321,-4.2263207,-4.276321,-4.3263206,-4.3863206,-4.456321,-4.486321,-4.5163207,-4.5563207,-4.5763206,-4.5963206,-4.646321,-4.716321,-4.776321,-4.836321,-4.896321,-4.986321
-1.9063208,-1.9763207,-2.0263207,-2.056321,-2.0863209,-2.1163208,-2.1463208,-2.1563208,-2.1663208,-2.1663208,-2.1763208,-2.1863208,-2.1763208,-2.1663208,-2.1463208,-2.1263208,-2.1263208,-2.1263208,-2.1263208,-2.1263208,-2.1263208,-2.1363208,-2.1563208,-2.1663208,-2.1863208,-2.1963208,-2.2163208,-2.2463207,-2.2763207,-2.2863207,-2.296321,-2.3663208,-2.4563208,-2.5063207,-2.5163207,-2.556321,-2.6563208,-2.7163208,-2.7663207,-2.7863207,-2.816321,-2.826321,-2.8463209,-2.8763208,-2.9463208,-3.0363207,-3.1263208,-3.1963208,-3.2763207,-3.3663208,-3.4563208,-3.576321,-3.6463208,-3.7763207,-3.8963208,-4.026321,-4.206321,-4.396321,-4.586321,-4.776321
-2.7463207,-2.826321,-2.8863208,-2.9463208,-2.9963207,-3.046321,-3.0963209,-3.1463208,-3.1763208,-3.1963208,-3.2063208,-3.2063208,-3.1863208,-3.1763208,-3.1763208,-3.1663208,-3.1763208,-3.1763208,-3.1863208,-3.1863208,-3.1663208,-3.1563208,-3.1563208,-3.1463208,-3.1263208,-3.1563208,-3.1963208,-3.2463207,-3.2063208,-3.2463207,-3.2763207,-3.316321,-3.3363209,-3.3563209,-3.3763208,-3.3863208,-3.3963208,-3.3963208,-3.4063208,-3.4363208,-3.4263208,-3.3763208,-3.326321,-3.326321,-3.3763208,-3.4463208,-3.566321,-3.7463207,-3.9463208,-4.1163206,-4.206321,-4.236321,-4.2863207,-4.396321,-4.506321,-4.646321,-4.7263207,-4.7863207,-4.816321,-4.926321
-4.0563207,-4.066321,-4.0763206,-4.066321,-4.0563207,-4.026321,-3.9763207,-3.9263208,-3.8663208,-3.806321,-3.7463207,-3.6763208,-3.6163208,-3.5363207,-3.4763207,-3.3963208,-3.316321,-3.2063208,-3.1163208,-3.046321,-2.9963207,-2.9263208,-2.8963208,-2.8563209,-2.8363209,-2.8563209,-2.8963208,-2.9463208,-2.9763207,-3.0063207,-3.046321,-3.0963209,-3.1463208,-3.2063208,-3.2863207,-3.3463209,-3.3863208,-3.4463208,-3.546321,-3.6463208,-3.7463207,-3.816321,-3.9463208,-4.176321,-4.2463207,-4.446321,-4.606321,-5.2263207,-5.4063206,-5.3863206,-5.296321,-5.276321,-5.336321,-5.3063207,-5.196321,-5.186321,-5.356321,-5.546321,-5.7263207,-5.8463206
-4.666321,-4.3663206,-4.376321,-4.426321,-4.356321,-4.276321,-4.196321,-4.0963206,-4.0163207,-3.9863207,-4.066321,-4.376321,-4.3063207,-3.9063208,-3.6063209,-3.3463209,-2.9663208,-2.6863208,-2.3663208,-2.1363208,-1.8263208,-1.7063208,-1.7863208,-1.8663208,-1.9763207,-2.076321,-2.1563208,-2.2463207,-2.326321,-2.4263208,-2.5063207,-2.7063208,-3.0263207,-3.3863208,-3.5863209,-3.556321,-3.566321,-3.7263207,-4.066321,-4.3863206,-5.066321,-5.506321,-5.546321,-5.5763206,-5.646321,-5.5763206,-5.486321,-5.5163207,-5.606321,-5.546321,-5.3463206,-5.776321,-6.0763206,-5.8263206,-5.236321,-4.2663207,-4.626321,-3.1363208,-1.8563209,-4.5563207
-6.9763207,-7.836321,-8.516321,-8.81632,-8.966321,-8.956321,-8.966321,-8.746321,-8.346321,-7.736321,-7.0963206,-5.956321,-3.9663208,-3.4163208,-3.4363208,-3.0363207,-1.2463208,1.8436792,1.6336792,0.8236792,0.3336792,-1.2163208,-2.5963209,-1.7163208,-0.3363208,-0.7963208,-2.1563208,-3.0163207,-3.1563208,-3.3863208,-3.4663208,-3.4363208,-3.5863209,-4.3263206,-4.796321,-5.1563206,-5.506321,-5.796321,-5.926321,-5.716321,-6.126321,-6.946321,-5.926321,-5.666321,-7.126321,-6.736321,-3.8663208,-2.5063207,-5.546321,-7.666321,-7.0763206,-4.0963206,-2.6463208,-3.9963207,-6.0763206,-5.666321,-4.126321,-7.086321,-6.176321,-5.9763207
-9.056321,-8.186321,-7.8663206,-8.136321,-7.8263206,-7.0363207,-5.4963207,-3.3663208,-1.5763208,-1.2963208,-1.7763208,-1.1263208,-0.1363208,-0.6363208,-0.8263208,-1.2563208,0.023679199,0.5636792,0.9636792,-0.0963208,2.2836792,2.6536791,1.5036792,-0.3363208,-2.1063209,-3.546321,-4.1563206,-4.0763206,-4.166321,-4.426321,-3.8663208,-3.3863208,-3.4263208,-3.5363207,-4.0763206,-4.606321,-4.956321,-5.086321,-4.7663207,-5.356321,-5.5763206,-4.456321,-2.4163208,-3.0363207,-5.146321,-5.7463207,-4.8263206,-3.6463208,-3.7363207,-3.2263207,-1.8763208,-1.8963208,-3.1963208,-4.006321,-4.736321,-5.526321,-6.1163206,-6.646321,-7.376321,-7.7663207
-5.9763207,-4.5163207,-3.0363207,-2.6463208,-2.5163207,-1.8263208,-1.2963208,-0.5963208,-0.0763208,0.7936792,1.2436792,1.4236792,-0.1263208,-3.7463207,-3.9363208,0.8536792,-0.7263208,-0.6863208,-1.2663208,-6.066321,-5.2263207,-2.6663208,-2.9163208,-3.5263207,-5.296321,-5.506321,-5.436321,-4.8663206,-4.396321,-3.7163208,-3.2763207,-3.1263208,-3.046321,-2.9963207,-3.0363207,-3.2863207,-3.4363208,-3.4163208,-3.1463208,-2.8563209,-2.7263207,-2.7363207,-2.6563208,-2.4363208,-2.1663208,-2.0263207,-1.9763207,-2.0163207,-1.9463208,-1.8763208,-1.8463207,-1.9263208,-2.0163207,-1.8463207,-1.9763207,-2.2163208,-2.7463207,-3.1363208,-2.9263208,-2.7363207
-4.5163207,-3.0863209,-2.2063208,-1.6663208,-1.4463208,-1.5863208,-1.7063208,-1.5463208,0.0736792,1.1636792,2.1036792,2.4136791,1.8836792,0.7436792,-0.3963208,-3.4863207,-2.6963208,-4.606321,-6.176321,-4.566321,-3.8563209,-3.3463209,-4.146321,-6.316321,-6.6363206,-5.716321,-4.256321,-3.556321,-3.2563207,-3.1163208,-3.2063208,-3.3363209,-3.2363207,-2.816321,-2.3663208,-2.2363207,-2.3663208,-2.4563208,-2.2463207,-1.8163208,-1.5763208,-1.4563208,-1.4663208,-1.4763207,-1.4263208,-1.2863208,-1.1863208,-1.1463208,-1.0263208,-0.7963208,-0.4363208,-0.0563208,0.2136792,0.4336792,0.7736792,1.1236792,1.3736792,1.3136792,1.2736793,1.1236792
-7.166321,-6.126321,-5.216321,-4.066321,-2.546321,-1.0963207,-0.1963208,0.0936792,0.0336792,-0.3063208,-0.7263208,-1.1063209,-1.4163208,-1.4863209,-0.8963208,-0.4963208,-0.5163208,-0.3763208,-0.9663208,-1.0463208,-1.4063208,-1.7563208,-2.3363209,-2.806321,-3.3563209,-4.0963206,-4.166321,-4.066321,-4.186321,-3.6763208,-3.076321,-2.8863208,-2.576321,-1.6763208,-1.1463208,-1.0363208,-1.0663208,-1.1563208,-0.9363208,-0.1563208,0.4536792,0.6936792,0.8336792,0.7236792,0.8336792,0.9636792,1.2136792,1.6136792,2.0636792,2.2536793,2.2436793,2.423679,2.443679,2.6136792,2.703679,2.5436792,2.4136791,2.4036791,2.943679,4.1336794
-6.4763207,-3.9863207,-2.5863209,-1.0263208,0.5236792,1.5736792,2.8436792,3.5436792,4.0236793,4.243679,4.683679,4.663679,4.6736794,4.7736793,4.663679,4.1536794,3.923679,4.063679,3.683679,3.3436792,3.5936792,3.423679,2.8636792,2.2436793,1.3636792,0.9536792,0.5336792,-0.1963208,-0.6763208,-1.5963207,-1.0763208,-0.2563208,0.3136792,1.0936792,1.6636792,2.0736792,2.173679,2.2636793,2.443679,2.6036792,2.5436792,2.673679,2.6136792,2.6136792,2.943679,3.2836792,3.5936792,3.7236793,3.8336792,4.033679,4.4836793,4.623679,4.743679,5.0236793,5.293679,5.973679,7.5936794,1.8436792,-0.1363208,-0.9663208
-2.5063207,1.1036792,2.933679,3.7436793,4.143679,4.8836794,6.5036793,7.9236794,8.883679,9.313679,9.293679,9.163679,9.22368,9.053679,8.68368,8.023679,7.6736794,6.793679,5.413679,4.893679,3.8436792,2.8036792,2.3036792,2.693679,1.7636791,0.9536792,-0.0063208006,-0.3063208,-0.1363208,0.3336792,2.1236792,3.2836792,4.013679,4.303679,4.553679,5.243679,6.043679,6.163679,6.1136794,6.073679,5.913679,5.933679,6.1336794,6.1536794,5.803679,5.573679,5.4836793,5.603679,5.5936794,5.5236793,5.323679,5.7136793,6.103679,6.663679,7.7736793,6.053679,0.6336792,-0.4063208,0.7436792,3.173679
2.6436791,3.7736793,5.353679,7.083679,9.713679,9.793679,10.283679,10.193679,10.523679,10.753679,10.47368,10.543679,9.923679,9.85368,9.533679,8.573679,8.033679,8.423679,8.68368,7.833679,6.6536794,4.9436793,4.4836793,3.8636792,2.0536792,0.2936792,-0.4063208,-1.5163208,-1.8663208,-1.1863208,0.5936792,3.5836792,5.163679,5.603679,5.7136793,5.8836794,5.793679,5.6136794,5.6336794,5.9636793,6.103679,6.3436794,6.7136793,6.7136793,6.603679,6.293679,5.723679,5.7536793,6.353679,6.973679,7.453679,7.813679,8.18368,7.643679,2.8236792,0.4536792,0.2736792,2.6136792,2.1136792,2.2736793
5.7136793,7.473679,9.503679,11.173679,11.693679,12.193679,11.303679,10.693679,10.463679,10.313679,10.233679,10.173679,10.073679,10.18368,9.493679,8.823679,8.173679,7.9636793,8.383679,8.14368,7.033679,6.933679,6.393679,4.703679,2.8136792,2.2536793,0.8836792,-0.8363208,-1.4163208,-0.4963208,-1.9963208,-0.5263208,1.4036793,3.0336792,3.9636793,4.473679,5.063679,5.7536793,5.9836793,6.433679,6.473679,6.3636794,6.4636793,6.243679,6.063679,5.7136793,5.7136793,5.993679,6.533679,7.123679,6.4236794,6.0236793,4.473679,2.7236793,1.4036793,0.4236792,0.8436792,1.4736792,2.2536793,2.2636793
7.9836793,9.053679,10.35368,10.883679,11.64368,12.64368,12.063679,11.373679,10.913679,11.043679,11.713679,11.72368,11.243679,10.68368,9.863679,8.733679,8.133679,7.083679,5.393679,4.803679,5.5236793,4.6536794,3.0036793,1.5036792,2.3236792,0.3736792,-1.4763207,-3.0063207,-3.1363208,-4.396321,-4.1563206,-4.716321,6.973679,6.703679,5.723679,5.583679,6.1936793,6.5036793,6.6736794,6.7136793,6.4636793,6.183679,6.063679,5.743679,5.2336793,5.1336794,5.433679,5.643679,6.0236793,5.5936794,4.623679,4.0036793,3.7136793,3.0836792,2.4936793,0.8936792,0.7736792,0.7436792,1.7036792,2.6136792
8.72368,9.873679,10.72368,11.493679,12.213679,12.993679,13.343679,13.39368,13.533679,12.503679,12.023679,11.783679,11.0136795,10.283679,9.72368,8.533679,7.763679,6.2136793,4.1936793,1.8136792,-2.3363209,-4.046321,-3.4963207,-2.7063208,-3.316321,-6.316321,3.7636793,3.5836792,7.033679,5.323679,1.7836792,2.9836793,4.833679,5.1936793,6.1936793,5.4436793,5.9036794,6.573679,6.203679,5.823679,5.703679,5.203679,5.1736794,5.2136793,4.993679,4.8836794,4.793679,5.013679,5.123679,4.4036794,2.8236792,1.8436792,3.7236793,3.0436792,2.5436792,2.0236793,1.7336792,1.7536792,1.7736793,0.8536792
13.203679,12.423679,12.833679,14.113679,15.173679,14.213679,14.503679,13.993679,13.403679,12.993679,12.0136795,11.413679,11.193679,10.443679,9.813679,6.9236794,4.723679,6.5036793,-0.5263208,-2.4663208,-1.5563208,-1.0763208,3.3436792,4.993679,5.373679,5.453679,4.4436793,1.9536792,4.853679,4.683679,5.8636794,6.8836794,5.993679,4.9236794,6.563679,6.073679,4.9236794,3.0436792,4.033679,6.103679,6.533679,7.1936793,7.263679,6.7536793,5.9436793,4.4636793,2.8936791,4.0036793,4.933679,3.2236793,4.6536794,4.043679,2.5636792,1.9636792,0.8736792,1.4336792,1.6336792,0.8836792,0.4236792,-0.5863208
13.64368,13.003679,14.033679,14.043679,14.633679,14.733679,14.60368,14.123679,12.413679,12.43368,12.43368,12.523679,9.913679,9.023679,7.783679,6.533679,1.1636792,-2.6263208,-2.566321,-1.9963208,-2.6363208,3.4136791,4.833679,4.223679,3.2436793,4.203679,2.8136792,5.493679,4.353679,4.353679,3.9036791,4.323679,7.303679,6.0936794,2.8836792,3.953679,7.3836794,6.993679,6.893679,6.3836794,4.263679,6.163679,7.413679,6.5236793,5.723679,3.1136792,3.5636792,5.8436794,4.573679,2.3836792,-0.5263208,0.9136792,0.8936792,0.6436792,0.4436792,-1.5463208,-1.9363208,-1.4763207,-1.9063208,-2.1563208
11.173679,13.423679,13.563679,12.923679,12.753679,13.843679,12.773679,11.553679,12.39368,12.39368,11.273679,10.653679,8.443679,8.123679,1.7536792,-1.7163208,-2.326321,-0.8763208,0.6436792,1.6736792,1.3636792,3.933679,3.5936792,3.953679,4.2136793,4.8436794,4.823679,5.0236793,4.033679,4.6336794,4.1936793,3.7636793,3.3336792,2.8136792,3.953679,3.9836793,4.6536794,6.9836793,6.603679,5.583679,4.1936793,4.333679,5.663679,3.443679,2.7236793,1.7236792,1.5136791,0.5836792,1.3336792,0.7136792,0.2536792,-0.0263208,-0.3063208,-1.1163208,-2.0063207,-2.3663208,-1.9063208,-2.6963208,-3.326321,-4.066321
10.733679,10.803679,10.613679,11.413679,11.39368,10.693679,9.483679,11.343679,11.023679,9.953679,8.703679,7.9236794,6.4236794,3.3336792,0.0336792,-0.0863208,-3.6363208,-2.7463207,-1.5663208,-0.9163208,0.1136792,3.453679,2.953679,3.6336792,3.0236793,3.8936791,4.4636793,5.083679,4.973679,5.0236793,4.6136794,5.063679,4.623679,3.9836793,3.7136793,8.303679,6.4436793,5.043679,3.6036792,4.123679,2.7636793,-1.2063208,-0.0563208,1.5136791,1.5136791,1.0636792,0.8436792,0.7836792,0.2036792,-0.5363208,-0.6663208,-1.1263208,-1.4663208,-1.8563209,-2.1763208,-2.316321,-2.5063207,-4.4063206,-2.6363208,-2.4563208
6.3436794,8.663679,8.18368,8.5136795,7.9836793,8.803679,9.803679,9.543679,8.673679,7.063679,5.7136793,6.323679,1.3036792,-1.0363208,-0.6663208,-0.9863208,-1.6463208,-1.5563208,-2.2263207,-1.3663208,-0.6063208,3.4836793,8.333679,5.6936793,2.0536792,1.8436792,4.6136794,5.4836793,4.6936793,4.9036794,4.493679,4.333679,4.0036793,4.123679,4.303679,6.543679,7.303679,2.9736793,4.0936794,2.8036792,1.8636792,1.5336792,1.7136792,1.0836792,0.8836792,0.6436792,0.4136792,-0.4163208,-0.7263208,-1.0063208,-1.6763208,-1.9363208,-2.1263208,-2.7463207,-2.8663208,-3.3863208,-3.7363207,-4.2263207,-4.216321,-4.0163207
