data/v_comp.json
{"header": { "discipline":0, "disciplineName":"Meteorological products", "gribEdition":2, "gribLength":79958, "center":7, "centerName":"US National Weather Service - NCEP(WMC)", "subcenter":0, "refTime":"2019-09-02T06:00:00.000Z", "significanceOfRT":1, "significanceOfRTName":"Start of forecast", "productStatus":0, "productStatusName":"Operational products", "productType":1, "productTypeName":"Forecast products", "productDefinitionTemplate":0, "productDefinitionTemplateName":"Analysis/forecast at horizontal level/layer at a point in time", "parameterCategory":2, "parameterCategoryName":"Momentum", "parameterNumber":3, "parameterNumberName":"V-component_of_wind", "parameterUnit":"m.s-1", "genProcessType":2, "genProcessTypeName":"Forecast", "forecastTime":6, "surface1Type":103, "surface1TypeName":"Specified height level above ground", "surface1Value":10.0, "surface2Type":255, "surface2TypeName":"Missing", "surface2Value":0.0, "gridDefinitionTemplate":0, "gridDefinitionTemplateName":"Latitude_Longitude", "numberPoints":65160, "shape":6, "shapeName":"Earth spherical with radius of 6,371,229.0 m", "gridUnits":"degrees", "resolution":48, "winds":"true", "scanMode":0, "nx":360, "ny":181, "basicAngle":0, "lo1":0.0, "la1":90.0, "lo2":359.0, "la2":-90.0, "dx":1.0, "dy":1.0 }, "data":
[rows 104 to 129 of 181, columns 300 to 359 of 360]
1.6236792,1.6536793,2.5336792,2.7136793,1.8536792,1.5936792,1.6536793,2.3736792,1.5536792,2.0436792,-1.5163208,-0.2663208,-0.8163208,0.2836792,-3.5063207,-1.1463208,-0.3763208,1.0236793,-0.2263208,-2.3463209,0.4936792,0.7136792,-1.2463208,-1.6463208,-0.7863208,0.6236792,-1.7863208,-2.4363208,-2.9263208,-2.4063208,-0.8863208,-0.1763208,1.0236793,0.2136792,0.9136792,1.9136792,0.8936792,2.4836793,2.9736793,2.7236793,4.123679,2.7736793,2.7736793,1.1836792,1.9336792,2.8436792,2.943679,2.1636791,2.9936793,4.053679,3.5936792,3.7436793,3.3636792,3.7436793,4.1536794,4.4836793,4.493679,5.203679,5.6536794,5.793679
1.3036792,0.5336792,1.7436792,0.013679199,2.0136793,0.7736792,2.2236793,2.4036791,2.423679,1.7836792,0.1236792,-0.2963208,-1.1663208,-0.3763208,-2.8363209,-3.576321,-1.2163208,-0.8363208,-1.7163208,-1.3663208,-1.2463208,-0.9963208,-2.6563208,-1.6063209,-0.5463208,-0.8063208,-1.3963208,-2.8963208,-1.5663208,-1.6263208,-0.4763208,-0.116320804,0.3036792,0.2836792,0.2036792,0.7336792,1.4636792,1.4436792,2.1536791,2.0936792,2.4736793,2.3536792,2.3036792,2.5636792,1.7836792,1.8736792,1.6536793,2.9036791,3.5936792,2.9836793,3.193679,3.953679,3.2136793,3.1536791,3.5136793,4.2736793,4.453679,4.663679,4.913679,4.7536793
1.5636792,1.2736793,2.0336792,0.7536792,1.7636791,-0.0163208,0.1136792,1.7936792,1.2136792,1.2736793,0.9436792,-1.0063208,-3.8663208,-3.6363208,-1.3563209,-3.066321,-1.5263208,-0.5663208,-1.9663208,-1.0863208,-0.9563208,-1.1763208,-3.0063207,-2.1963208,-1.5763208,-1.6663208,-1.6763208,-2.296321,-2.1163208,-2.1563208,-0.9063208,-1.0063208,-0.2463208,0.6236792,-0.5363208,0.053679198,1.0836792,1.1936792,0.9136792,1.1336792,2.0536792,1.5036792,2.0036793,2.933679,1.5536792,2.0736792,2.4036791,2.2836792,3.0836792,4.2736793,5.243679,3.443679,4.573679,3.4836793,3.453679,4.143679,4.143679,4.643679,4.763679,4.9436793
0.8036792,0.4036792,0.4136792,1.2936792,1.4336792,0.053679198,0.15367919,-0.4963208,1.3236792,3.3636792,2.5236793,-1.0963207,-2.9363208,-3.306321,-3.0963209,-3.0063207,-1.4963208,-1.2563208,-2.0363207,-2.296321,-2.6663208,-5.356321,-3.9463208,-3.6363208,-3.2563207,-1.8963208,-3.7063208,-3.8463209,-3.9563208,-3.1263208,-2.1863208,-1.1863208,-1.1163208,-0.5763208,-0.3563208,-0.6663208,0.0736792,0.2236792,0.9736792,-0.8463208,1.2436792,1.5936792,1.6936792,1.1636792,1.0036792,2.2636793,2.8736792,2.7536793,2.9636793,4.5036793,3.9936793,4.573679,4.3836794,5.303679,4.0936794,4.4436793,4.453679,4.303679,5.053679,4.3636794
0.6836792,-0.1063208,1.4336792,1.9736792,1.5636792,0.2236792,0.6436792,0.013679199,1.2836792,-0.0463208,2.5236793,1.5736792,-1.8563209,-1.5663208,-3.326321,-4.5563207,-3.1563208,-1.8863208,-0.1663208,-2.7063208,-4.216321,-5.9963207,-5.416321,-4.3863206,-4.426321,-3.3763208,-2.4963207,-3.6863208,-3.4563208,-3.5263207,-2.6763208,-2.0063207,-1.7263207,-0.5263208,-0.2963208,-0.0963208,0.5436792,0.6236792,0.2136792,0.4136792,1.1736792,2.5936792,3.4136791,2.9636793,3.0636792,2.953679,2.3236792,2.7436793,3.423679,3.0436792,2.8536792,2.923679,3.423679,4.5936794,4.9436793,4.803679,5.073679,4.9636793,4.8636794,4.3836794
0.6536792,0.5136792,-0.0863208,1.4436792,1.3836792,-0.4563208,1.5836792,1.4936792,-0.0163208,1.2636791,1.5236793,1.4836792,0.7936792,-3.2463207,-3.8663208,0.4236792,-0.4163208,-1.0463208,-1.9163208,-1.9563208,-3.6163208,-6.9963207,-6.2463207,-5.1363206,-4.466321,-4.3463206,-4.3863206,-4.8063207,-4.936321,-4.086321,-3.4963207,-1.2763208,-2.5063207,-1.7363209,0.0936792,-0.6063208,-0.3063208,1.0636792,0.2836792,0.1836792,1.0936792,1.8236792,2.5236793,3.4936793,2.1536791,2.7936792,2.1636791,1.3436792,2.3336792,2.1136792,2.9636793,2.6236792,2.7736793,3.6236792,4.4836793,4.3436794,5.0036793,4.933679,4.3836794,4.723679
1.1336792,1.2636791,0.3136792,-0.3963208,0.4936792,-0.0963208,0.6636792,0.3236792,0.8036792,0.5636792,0.1036792,0.2936792,-0.0463208,0.8836792,3.3936791,-3.0163207,0.5036792,-1.1063209,-0.7363208,-1.6363208,-7.706321,-9.036321,-7.696321,-6.626321,-5.336321,-5.0163207,-4.606321,-5.606321,-5.9963207,-5.0563207,-4.0763206,-3.0163207,-2.4863207,-2.7163208,-2.1063209,-1.0663208,-0.2663208,0.0336792,0.3736792,0.1936792,0.3236792,0.5336792,1.0736792,2.2936792,2.6036792,3.0836792,2.2336793,2.4736793,2.3536792,3.4736793,2.0936792,2.673679,4.4036794,4.3436794,4.2136793,4.1536794,5.083679,4.993679,4.853679,4.603679
2.173679,2.0336792,1.9736792,0.013679199,-0.3863208,0.5136792,-0.5863208,-0.6863208,0.2336792,-0.5063208,0.1436792,-0.4463208,0.3236792,-1.4863209,0.6736792,1.2736793,-1.1663208,-4.686321,1.1036792,0.6836792,-11.626321,-10.056321,-8.64632,-7.6163206,-5.666321,-5.2663207,-4.926321,-5.8863206,-6.416321,-5.4063206,-4.3263206,-3.9563208,-2.6263208,-3.1463208,-2.4363208,-1.7863208,-0.9863208,0.0336792,0.1836792,-0.2463208,-0.3663208,2.0036793,1.2136792,1.6636792,2.2236793,3.3236792,4.0036793,3.7136793,3.5836792,3.5836792,3.8936791,3.1436791,3.5636792,4.833679,3.5836792,3.423679,4.6536794,3.8836792,4.563679,5.3636794
1.2736793,1.3836792,1.7136792,0.3636792,-0.3163208,0.5136792,-0.3263208,-1.1763208,-1.7863208,-1.8263208,-1.9063208,-1.6263208,-1.0763208,-1.3763208,-0.9463208,0.9436792,-0.2063208,-0.3763208,0.2636792,0.8736792,-10.636321,-10.056321,-9.346321,-8.216321,-7.3463206,-6.186321,-5.566321,-6.8063207,-7.1563206,-6.336321,-5.8463206,-4.856321,-3.6663208,-3.4363208,-2.9563208,-1.1363208,-2.1563208,-0.9163208,-1.2363209,-0.2663208,0.3036792,0.6036792,1.0636792,1.4836792,2.4836793,1.6336792,1.9836792,1.9636792,3.3236792,3.2736793,4.103679,4.353679,3.4636793,3.943679,4.313679,4.5236793,3.5736792,4.543679,3.7236793,4.2536793
1.5336792,1.8536792,1.5636792,1.3836792,0.47367918,1.2336792,0.8836792,-0.0963208,-1.5063208,-1.9863209,-0.8063208,-2.076321,1.9836792,-0.9663208,0.3536792,-1.7863208,-1.7063208,-0.9263208,3.673679,-2.1763208,-8.52632,-9.27632,-9.346321,-8.286321,-8.206321,-7.3463206,-6.106321,-6.3863206,-6.586321,-6.2263207,-5.7263207,-5.3863206,-5.646321,-4.736321,-3.3563209,-2.4363208,-1.9363208,-0.8363208,-1.2163208,-1.3763208,-0.6063208,0.013679199,-0.1663208,0.7536792,0.8336792,2.4736793,2.1036792,3.3236792,2.3236792,3.2436793,4.293679,3.8336792,4.6136794,5.043679,5.143679,5.603679,6.013679,4.283679,2.6236792,4.183679
0.9436792,0.9136792,1.0236793,0.2436792,0.5236792,1.5736792,2.0136793,-0.8963208,0.7236792,-0.3463208,-1.9163208,0.3936792,2.0936792,0.3736792,2.203679,1.5736792,-4.9763207,-4.936321,-2.9663208,2.6636791,-5.026321,-5.5763206,-8.4863205,-9.366321,-8.096321,-8.02632,-7.416321,-6.716321,-6.966321,-6.0563207,-5.6563206,-5.6363206,-6.486321,-5.236321,-4.8063207,-3.1863208,-3.0863209,-2.1563208,-2.056321,-1.7963208,-1.5263208,-1.2263207,-0.9663208,-0.1663208,0.4336792,1.4436792,2.423679,2.2236793,1.6836792,2.203679,2.8536792,3.453679,4.163679,5.553679,4.783679,5.573679,5.833679,5.283679,5.043679,3.703679
0.15367919,0.8436792,1.3836792,1.7136792,1.0136791,1.7436792,0.0936792,-0.0263208,-0.4763208,1.0036792,-0.6563208,0.0036791991,1.9336792,6.4836793,4.513679,1.0736792,-2.9463208,-6.776321,-5.7463207,-3.4863207,-5.696321,-0.3763208,-8.616321,-6.986321,-8.006321,-8.546321,-8.85632,-8.186321,-7.296321,-7.456321,-6.236321,-5.5163207,-5.876321,-6.0363207,-4.5163207,-3.806321,-2.556321,-2.9263208,-2.9463208,-1.7663208,-2.076321,-2.0263207,-1.8563209,-1.4963208,0.6036792,0.7236792,2.683679,2.8736792,0.3936792,2.8236792,4.103679,4.583679,4.973679,5.3836794,5.913679,5.393679,5.663679,6.823679,6.2136793,5.6936793
-0.1563208,0.4136792,1.2636791,1.2136792,1.0036792,1.9636792,0.4836792,0.8336792,0.4036792,-0.0363208,0.2936792,0.1136792,5.813679,6.723679,7.123679,7.6936793,8.43368,6.283679,0.0736792,-7.206321,-8.536321,-9.14632,-9.31632,-9.456321,-8.81632,-8.996321,-8.686321,-8.446321,-7.4763207,-7.776321,-6.796321,-6.356321,-6.7263207,-7.126321,-6.296321,-5.676321,-4.586321,-3.9463208,-4.066321,-3.2563207,-3.1863208,-2.7663207,-2.556321,-1.8663208,-1.4063208,-0.2463208,1.0536792,2.2736793,1.9136792,2.2736793,2.5736792,3.3536792,4.123679,5.1136794,5.433679,5.513679,5.583679,6.8836794,6.2536793,6.6336794
-1.2263207,-0.3263208,0.8936792,1.1736792,1.7436792,1.2836792,0.7136792,0.7736792,0.4536792,-1.4463208,0.2236792,-0.4063208,6.453679,6.933679,8.093679,7.513679,8.39368,8.273679,9.22368,11.073679,-3.4763207,-10.016321,-14.726321,-12.826321,-11.06632,-9.596321,-9.476321,-8.2363205,-8.386321,-7.956321,-7.896321,-7.696321,-7.736321,-8.376321,-7.6163206,-6.756321,-5.526321,-5.066321,-5.146321,-4.836321,-3.9063208,-3.2863207,-2.9763207,-2.3563209,-1.9863209,-0.7163208,-0.1363208,1.1436791,1.6636792,2.453679,2.8136792,2.4936793,3.5636792,4.6736794,4.853679,6.1336794,6.0036793,6.4636793,6.9036794,5.823679
-1.3463207,-1.5763208,-0.6763208,0.023679199,0.5236792,0.6536792,2.2236793,2.193679,0.6936792,-0.5163208,-2.0363207,1.0236793,6.703679,6.4236794,6.223679,6.8436794,6.993679,6.473679,6.553679,7.9436793,9.043679,11.923679,-8.9863205,-12.406321,-13.696321,-11.27632,-10.426321,-10.126321,-9.686321,-8.9863205,-8.456321,-8.466321,-8.39632,-8.02632,-7.946321,-7.256321,-6.946321,-6.4963207,-6.196321,-5.646321,-5.106321,-4.546321,-3.7663207,-3.5863209,-3.4763207,-2.6963208,-0.3563208,-0.6263208,0.6436792,1.6136792,1.5936792,1.7936792,1.8836792,3.0536792,3.1636791,3.7236793,4.6136794,5.183679,5.3436794,5.993679
-2.8363209,-1.9563208,-1.1463208,-0.4963208,-1.0263208,0.4036792,0.8536792,0.8136792,0.15367919,0.2436792,-0.4163208,3.453679,5.603679,5.3636794,4.623679,4.5236793,5.603679,5.4036794,5.953679,7.3836794,6.913679,8.403679,10.493679,14.14368,-14.14632,-12.376321,-11.446321,-11.676321,-10.936321,-9.89632,-9.81632,-8.9863205,-9.086321,-8.676321,-7.716321,-7.356321,-7.506321,-7.546321,-7.446321,-6.916321,-6.276321,-5.876321,-5.106321,-4.236321,-3.8763208,-4.026321,-3.5063207,-2.4763207,-1.2163208,-0.7563208,-0.1663208,0.0036791991,0.0936792,0.3336792,0.7836792,2.0436792,2.8836792,3.5936792,4.1136794,4.1336794
-3.3663208,-2.5263207,-2.7363207,-2.1363208,-0.4563208,0.053679198,-0.4763208,-0.1463208,-0.27632082,0.9836792,0.7836792,2.3936791,3.953679,4.303679,3.7336793,1.8636792,4.3436794,5.6936793,6.4836793,4.413679,4.623679,7.1136794,8.85368,9.743679,14.033679,-12.116321,-12.806321,-12.696321,-12.136321,-11.296321,-10.166321,-9.706321,-9.296321,-9.31632,-8.52632,-7.7663207,-7.046321,-7.086321,-7.336321,-7.5163207,-7.166321,-6.3063207,-5.8263206,-5.8863206,-4.6163206,-4.3863206,-4.0163207,-3.3663208,-3.3763208,-2.6563208,-1.9463208,0.0036791991,1.6636792,2.7236793,3.3136792,3.683679,3.7936792,2.0136793,2.4936793,3.5636792
-2.7263207,-2.8563209,-2.3863208,-2.6463208,-1.3363208,0.15367919,-0.9663208,-0.116320804,0.1036792,2.3136792,2.9036791,2.3236792,2.7436793,2.8736792,3.0536792,3.0336792,-0.3463208,2.8536792,3.7636793,4.493679,3.4636793,4.043679,6.623679,6.2336793,6.743679,11.883679,-14.096321,-14.446321,-13.186321,-12.006321,-11.196321,-9.81632,-9.706321,-8.876321,-8.81632,-8.206321,-7.276321,-7.4063206,-7.436321,-7.426321,-7.706321,-7.186321,-6.4763207,-5.856321,-6.5163207,-5.006321,-5.0163207,-4.856321,-4.3463206,-4.046321,-3.0163207,-1.4463208,0.1436792,1.3436792,3.1036792,5.553679,5.033679,2.8536792,2.953679,5.373679
-0.0763208,0.3536792,-0.7963208,-1.7663208,-2.2563207,-1.2263207,-0.4163208,-0.9863208,0.9036792,2.6336792,3.3536792,3.3236792,3.203679,3.3436792,3.6636791,0.9236792,2.7136793,-2.326321,-0.4063208,1.2936792,4.1336794,1.6536793,0.9636792,6.2536793,7.353679,7.053679,9.613679,-14.31632,-13.976321,-13.426321,-12.246321,-10.976321,-10.156321,-10.016321,-8.85632,-8.456321,-8.27632,-7.876321,-7.436321,-7.236321,-7.5563207,-6.966321,-6.2463207,-6.586321,-6.526321,-6.8463206,-6.686321,-6.436321,-5.566321,-4.8463206,-3.6963208,-2.6263208,-1.3363208,-0.2263208,1.0236793,2.5836792,4.4036794,4.1136794,2.0736792,2.2136793
-0.3163208,-0.2563208,-1.8863208,-1.8963208,-2.296321,-2.076321,-1.4163208,-0.4163208,0.4236792,1.2236792,2.0636792,1.6036792,1.9136792,2.4836793,2.5536792,3.4836793,1.1736792,1.5136791,-2.8563209,-1.5763208,-0.3563208,0.5636792,1.8936791,2.3236792,3.2736793,6.223679,5.603679,6.683679,-11.866321,-13.916321,-13.926321,-13.14632,-12.02632,-10.946321,-10.266321,-9.14632,-8.35632,-7.676321,-7.256321,-8.10632,-7.7863207,-7.186321,-7.256321,-6.756321,-7.126321,-6.926321,-6.836321,-7.066321,-6.6363206,-5.626321,-4.676321,-3.8463209,-2.4463208,-1.1563208,-0.2963208,0.9836792,1.9136792,2.5536792,1.4536792,1.6936792
-4.5563207,-1.3663208,-3.6263208,-4.026321,-3.7063208,-1.7863208,-1.7263207,-0.8763208,0.7736792,1.2836792,1.2836792,1.9136792,3.8236792,2.7836792,1.5236793,1.3436792,2.183679,1.0236793,0.3636792,-2.576321,-4.1363206,-3.7763207,-1.5963207,0.3436792,1.6936792,4.5036793,5.3636794,5.433679,5.553679,-7.9963207,-12.916321,-12.52632,-12.9863205,-11.956321,-10.306321,-9.27632,-8.416321,-8.006321,-7.356321,-7.7263207,-7.836321,-8.436321,-7.8663206,-6.586321,-6.8063207,-6.9763207,-6.896321,-6.7863207,-6.986321,-6.2263207,-5.626321,-5.106321,-3.796321,-2.4863207,-2.1163208,-1.2163208,-0.5763208,0.3536792,-0.1863208,-1.0163208
-1.7363209,-1.2463208,-0.2963208,-4.276321,-3.5263207,-3.546321,-1.7163208,2.5136793,2.0736792,1.1936792,1.2036792,2.2136793,3.0936792,3.2836792,3.1136792,2.8636792,0.3836792,-0.6463208,-0.5863208,-0.2363208,-4.796321,-6.2263207,-4.3663206,-3.9763207,-1.1763208,0.5636792,2.2636793,3.3936791,3.4136791,2.2836792,0.4236792,-12.9863205,-11.946321,-9.556321,-9.016321,-8.536321,-7.986321,-7.696321,-7.436321,-7.086321,-6.696321,-7.356321,-7.1563206,-6.4063206,-6.8863206,-7.6563206,-7.086321,-6.2863207,-6.336321,-6.736321,-5.936321,-5.066321,-4.296321,-3.826321,-4.0763206,-2.9463208,-2.2263207,-1.3563209,-0.8163208,-1.1263208
-0.6463208,-0.6263208,-1.2163208,-1.8763208,-2.316321,-3.7663207,-0.0963208,1.9836792,1.6136792,1.0736792,0.5836792,2.2736793,3.0536792,3.8936791,3.8336792,2.433679,1.7436792,0.1036792,-2.0063207,-1.0763208,-2.6963208,-5.8063207,-6.966321,-5.666321,-4.696321,-1.6863208,0.0336792,1.7736793,0.4036792,1.3936791,1.0336792,0.1036792,-0.5663208,-9.506321,-8.916321,-8.676321,-7.2663207,-6.376321,-7.006321,-6.736321,-7.696321,-6.9963207,-7.106321,-6.7263207,-6.566321,-6.1563206,-6.446321,-7.396321,-7.666321,-6.7863207,-5.276321,-4.956321,-4.376321,-4.2663207,-4.5763206,-3.6563208,-3.7363207,-2.2463207,-1.9863209,-1.6863208
4.4236794,0.1036792,-2.1963208,-1.5763208,-3.6163208,-1.5163208,0.023679199,-0.3563208,0.8936792,1.5436792,1.4336792,0.1336792,1.9336792,2.4836793,2.5436792,3.0136793,1.3136792,0.2836792,-2.066321,-3.1963208,-2.9263208,-3.9463208,-5.176321,-7.206321,-7.216321,-5.5563207,-2.3363209,-1.2663208,0.6836792,1.1336792,1.8036792,1.1136792,-0.8663208,0.3636792,1.0936792,0.7236792,1.5636792,-7.946321,-8.836321,-7.966321,-7.7263207,-7.466321,-8.376321,-7.466321,-6.626321,-6.4763207,-5.046321,-4.436321,-5.186321,-5.186321,-5.676321,-5.936321,-5.086321,-3.5363207,-3.5163207,-4.3663206,-4.3663206,-4.316321,-3.8863208,-4.3063207
6.823679,2.1636791,0.6736792,-4.666321,-2.8763208,-0.3663208,-0.2263208,0.0336792,0.4036792,0.4836792,0.7236792,1.6636792,1.3236792,1.6936792,2.193679,3.3236792,2.1236792,1.1136792,-1.7563208,-1.8063208,-7.466321,-6.3463206,-5.126321,-6.2663207,-7.336321,-8.006321,-4.966321,-3.0063207,-3.8363209,-0.7763208,-0.6563208,0.1936792,0.1236792,-0.9863208,1.0636792,1.4636792,3.2436793,3.0736792,4.4036794,4.333679,4.3836794,-3.2463207,-5.7463207,-4.936321,-4.966321,-4.756321,-5.0363207,-5.2863207,-4.026321,-4.3863206,-5.5163207,-5.176321,-4.1163206,-2.9463208,-3.7363207,-3.826321,-4.546321,-4.986321,-4.836321,-5.046321
10.423679,9.0136795,11.503679,1.6936792,-3.3363209,-0.4263208,-0.1763208,0.3236792,0.2636792,0.3036792,1.5036792,1.9436792,1.8336792,2.0236793,2.7136793,3.9836793,3.9936793,3.3636792,0.6436792,0.2836792,-7.176321,-7.8863206,-9.346321,-6.236321,-6.9063206,-10.14632,-8.546321,-5.946321,-5.456321,-3.6863208,-2.4763207,-1.3763208,-1.2663208,-0.2963208,-0.5963208,1.6036792,0.7836792,2.3536792,4.0236793,1.9936792,4.9436793,5.5036793,7.6336794,7.163679,4.7536793,-0.8063208,-3.6763208,-3.826321,-4.356321,-4.736321,-4.966321,-4.436321,-4.296321,-5.006321,-3.4263208,-3.6263208,-3.306321,-4.416321,-5.526321,-5.956321
