data/v_comp.json
{"header": { "discipline":0, "disciplineName":"Meteorological products", "gribEdition":2, "gribLength":79958, "center":7, "centerName":"US National Weather Service - NCEP(WMC)", "subcenter":0, "refTime":"2019-09-02T06:00:00.000Z", "significanceOfRT":1, "significanceOfRTName":"Start of forecast", "productStatus":0, "productStatusName":"Operational products", "productType":1, "productTypeName":"Forecast products", "productDefinitionTemplate":0, "productDefinitionTemplateName":"Analysis/forecast at horizontal level/layer at a point in time", "parameterCategory":2, "parameterCategoryName":"Momentum", "parameterNumber":3, "parameterNumberName":"V-component_of_wind", "parameterUnit":"m.s-1", "genProcessType":2, "genProcessTypeName":"Forecast", "forecastTime":6, "surface1Type":103, "surface1TypeName":"Specified height level above ground", "surface1Value":10.0, "surface2Type":255, "surface2TypeName":"Missing", "surface2Value":0.0, "gridDefinitionTemplate":0, "gridDefinitionTemplateName":"Latitude_Longitude", "numberPoints":65160, "shape":6, "shapeName":"Earth spherical with radius of 6,371,229.0 m", "gridUnits":"degrees", "resolution":48, "winds":"true", "scanMode":0, "nx":360, "ny":181, "basicAngle":0, "lo1":0.0, "la1":90.0, "lo2":359.0, "la2":-90.0, "dx":1.0, "dy":1.0 }, "data":
[rows 52 to 77 of 181, columns 60 to 119 of 360]
0.4636792,-1.3663208,-4.0963206,-4.736321,-5.7663207,-5.5363207,-4.8663206,3.423679,3.2836792,3.7936792,0.6836792,1.8636792,-2.316321,1.5536792,3.4736793,2.0036793,-0.1063208,-2.0063207,1.1436791,0.9636792,0.2036792,-1.9663208,-3.6763208,-2.6263208,-3.6963208,-3.9663208,-6.446321,-2.9063208,-2.9263208,2.0636792,-5.7263207,-6.716321,-8.746321,-6.046321,-7.9063206,-6.716321,-3.1163208,-1.3663208,-2.1563208,-0.6763208,3.0236793,-0.7063208,-1.0263208,1.0936792,8.053679,8.993679,3.8636792,6.933679,3.8036792,2.1636791,2.8136792,1.1836792,1.7136792,0.0436792,1.8236792,3.0036793,1.5436792,2.8636792,1.5836792,2.3636792
0.9936792,-1.7563208,-4.1363206,-5.1363206,-5.296321,-4.606321,-3.4863207,0.4336792,0.3936792,-0.6463208,0.1436792,-0.8963208,-1.1563208,1.2836792,-1.4763207,0.3936792,-2.2163208,-3.1563208,0.2036792,-2.8863208,-3.7063208,-3.3863208,-4.896321,-5.936321,-6.086321,-2.8463209,-3.7463207,-3.556321,-5.106321,-6.836321,-6.4963207,-0.7363208,-5.296321,-6.276321,-2.4963207,-5.5163207,1.5136791,2.0736792,-0.0363208,-3.6863208,-3.4263208,-0.4463208,0.6036792,1.6936792,8.18368,5.243679,6.9036794,5.5236793,2.8036792,1.7036792,3.0536792,0.15367919,3.3136792,0.1036792,-0.8163208,2.5336792,0.7836792,0.3236792,1.7136792,1.6236792
-1.4163208,-3.9963207,-5.376321,-5.8063207,-4.416321,-5.166321,-3.2263207,-3.826321,-4.8863206,-4.776321,-2.9563208,-3.6463208,3.173679,-0.7263208,4.2336793,0.7536792,0.3836792,1.9536792,-0.7563208,-4.716321,-2.7263207,-1.6463208,-3.316321,-6.836321,-10.136321,-9.616321,-6.066321,-7.216321,-7.0963206,-4.896321,-4.526321,-1.7663208,-4.856321,-4.7863207,-4.006321,-3.1963208,-4.086321,-3.1563208,-1.2063208,-1.7163208,1.5236793,-0.1563208,0.9136792,2.7736793,5.7736793,7.353679,3.1236792,3.8836792,2.2936792,2.1536791,3.3936791,2.0136793,1.8436792,2.4636793,1.0936792,2.0136793,2.3536792,0.9936792,-0.0263208,1.4736792
-0.2963208,-7.3663206,-6.756321,-7.686321,-0.4363208,-5.066321,-3.306321,-0.6063208,-5.956321,-2.5163207,3.6136792,1.5036792,2.2536793,1.7936792,2.6436791,1.3736792,-2.4263208,-2.2363207,2.953679,1.9936792,0.5136792,1.4436792,2.453679,-0.5463208,-2.1663208,-5.296321,-4.0963206,-2.1563208,-2.4563208,-1.6263208,-2.9263208,-0.9963208,-4.0363207,-3.0363207,-1.8963208,-4.546321,-3.6963208,-1.3163208,-4.8063207,-0.2263208,0.3236792,3.2436793,1.2536792,-0.4163208,3.173679,3.3036792,2.8336792,0.9636792,1.7736793,-0.5463208,-0.3063208,3.5536792,1.5336792,-0.2563208,-0.0663208,-0.7063208,0.7436792,0.9036792,0.9936792,-0.7563208
-0.116320804,-10.976321,-9.256321,-6.8263206,-5.7663207,0.1936792,2.2736793,3.683679,-3.9863207,4.6736794,2.2736793,3.6436791,-1.2163208,-1.2163208,0.7536792,0.8136792,2.4036791,-1.2863208,0.4436792,0.6836792,1.1836792,2.8736792,1.6936792,1.1936792,-0.1463208,-0.5363208,-4.696321,-7.546321,-1.7863208,-1.7763208,-3.6263208,-4.5963206,-5.856321,-3.5963209,-2.816321,-1.1363208,-1.1663208,-1.0763208,-2.1363208,0.5736792,-2.2663207,0.2036792,0.3536792,-0.2463208,0.9836792,0.8536792,0.2036792,0.6436792,2.5636792,4.163679,0.4936792,1.3436792,1.2936792,-0.6863208,-1.4163208,-2.4763207,-1.4463208,-0.116320804,-1.3063208,0.7736792
-7.956321,-12.456321,-9.186321,1.6936792,-0.7263208,4.513679,2.443679,-0.0463208,8.97368,3.0036793,2.3736792,0.2236792,-0.3363208,-3.1163208,-0.4063208,-0.0863208,0.063679196,0.5736792,0.4136792,1.8336792,1.5236793,2.2736793,-1.4363208,0.2336792,0.3736792,-0.7963208,-0.9163208,-8.286321,-3.826321,-6.3063207,-6.486321,-3.5363207,-1.2863208,2.6336792,0.2836792,0.4136792,-0.8363208,-0.5163208,1.4536792,-0.0363208,-0.6463208,-0.0363208,-1.0163208,2.0436792,0.8136792,1.3836792,-0.5563208,0.5536792,1.5536792,0.3336792,-0.4363208,-0.2063208,-2.2863207,-3.2163208,-1.3263208,-2.306321,-1.1363208,0.063679196,1.7936792,0.7336792
-5.276321,-13.586321,-8.136321,0.5536792,2.2736793,1.5736792,4.0036793,2.0636792,-0.5063208,3.1336792,2.0636792,1.3536792,-1.3263208,1.3936791,-3.2763207,-2.1563208,0.8336792,1.1336792,2.0536792,0.2236792,1.0736792,-0.116320804,1.7336792,1.6336792,0.7136792,0.2936792,1.9936792,-3.1763208,2.8036792,2.4636793,4.123679,2.3036792,2.5236793,2.2736793,1.3436792,-0.4763208,0.6536792,-0.3863208,-0.8363208,0.15367919,0.2336792,-1.0363208,0.0036791991,1.0936792,-0.0163208,-0.1363208,-0.9963208,-1.1363208,-1.4663208,0.1736792,0.6436792,-0.3363208,-1.4163208,-1.4163208,-2.0063207,-1.5263208,1.0836792,0.7536792,-1.0563208,-1.7963208
-3.5063207,-10.746321,-7.2463207,-2.4063208,1.8536792,-0.0163208,0.0836792,-2.326321,4.553679,3.5636792,-0.6163208,0.7036792,-2.6563208,-2.2163208,-2.6163208,-3.6363208,-0.8263208,-0.9063208,1.0236793,0.2536792,4.393679,-1.0563208,2.4036791,1.3736792,1.0836792,-1.2063208,-3.806321,-2.1263208,1.6936792,0.4336792,-0.8263208,2.4836793,0.8736792,2.8036792,2.0636792,3.3436792,1.3136792,2.0136793,0.9436792,0.5236792,0.3836792,2.1136792,1.8336792,1.1936792,-1.9163208,-2.4363208,-2.2863207,-0.7463208,-0.1963208,-0.4463208,0.4636792,-0.9663208,-1.8763208,-1.9663208,-2.5363207,1.9636792,-1.7763208,-2.2663207,-1.0063208,-1.7863208
-7.0763206,-7.166321,-5.4063206,-2.7063208,-2.4663208,-4.066321,-3.6063209,3.5336792,3.2936792,4.553679,1.4936792,4.533679,0.2836792,-1.8163208,-2.556321,0.063679196,-1.4463208,-1.8763208,-0.8563208,0.5436792,-1.2463208,0.4136792,2.3136792,2.4936793,0.1736792,0.013679199,2.2636793,3.5936792,3.6636791,1.6236792,1.2136792,-0.5663208,-0.3463208,0.2536792,1.5636792,1.3036792,1.7136792,1.1836792,0.7236792,1.9836792,1.5936792,1.0836792,0.3636792,0.3536792,0.6936792,-0.5763208,-0.7763208,-0.4663208,0.5336792,0.47367918,0.1836792,-1.3363208,2.7836792,1.9136792,1.0036792,1.2136792,-1.6563208,-0.9163208,-1.0663208,-0.5263208
-6.026321,-6.896321,-10.326321,-7.4963207,1.8436792,-3.6363208,-4.376321,0.7636792,2.673679,4.283679,3.3636792,3.2636793,-0.1563208,-3.296321,-0.4463208,-1.8763208,-1.9463208,-1.1563208,0.7636792,-0.8463208,0.3236792,1.2536792,0.6936792,0.6636792,2.2736793,2.9836793,1.1436791,1.4336792,-4.206321,0.5036792,-1.0763208,-1.9263208,1.6136792,2.3136792,2.673679,0.013679199,-0.2663208,1.6136792,2.8636792,3.0336792,1.6336792,1.5136791,0.3336792,-0.7863208,0.4136792,-0.1863208,-1.0563208,-0.0363208,0.5936792,-0.0263208,-0.4063208,0.1836792,1.8736792,-0.0363208,-1.2163208,-0.3263208,-2.0963209,-1.5963207,-0.4063208,-2.2463207
-6.086321,-2.826321,-7.8063207,-1.6063209,-3.9763207,-3.6163208,-2.7663207,-2.1563208,3.4936793,0.9336792,-1.3363208,0.1636792,0.023679199,0.4236792,-0.2063208,-1.3763208,0.053679198,-0.1563208,-1.6163208,-0.8063208,-1.6763208,-0.116320804,0.1736792,1.0936792,1.5636792,-0.0363208,1.0536792,1.1936792,3.1536791,4.333679,2.4936793,1.9836792,2.7436793,0.2936792,-0.1963208,-0.2563208,-0.5663208,0.6336792,-0.7863208,1.3036792,0.5836792,0.4136792,-0.3263208,-0.4263208,-0.1663208,-0.8063208,-0.5063208,-0.3563208,-2.2063208,-1.1063209,-0.9363208,0.7236792,-1.0263208,-1.6963208,0.1236792,-1.4663208,-1.7863208,-1.4763207,-0.9863208,-0.9963208
0.023679199,-0.8663208,-3.6963208,-6.456321,-6.2863207,4.663679,4.263679,0.7736792,-2.8763208,1.5536792,1.7936792,-0.1263208,-1.7863208,0.5036792,0.4036792,0.8336792,-0.3363208,-1.0763208,0.1236792,-0.9263208,-0.4463208,-1.0563208,-0.2363208,0.1436792,-0.8063208,0.5936792,1.2636791,1.4536792,1.1836792,0.1436792,0.6436792,0.4836792,-0.5063208,-0.2663208,-0.5163208,-0.6063208,1.0036792,0.0036791991,-0.2163208,0.8536792,0.4036792,0.2336792,-1.8263208,-0.116320804,-1.3463207,-0.4063208,-1.7563208,-0.1463208,-0.7363208,-0.9163208,0.023679199,-1.0263208,-0.8263208,-2.4363208,0.1336792,-4.126321,-1.7963208,-0.6563208,-1.3163208,-0.2363208
9.173679,6.323679,8.483679,4.703679,3.1436791,4.1136794,3.5236793,-1.3063208,1.9036793,-1.3063208,0.4136792,2.443679,-0.0763208,-0.3363208,1.1936792,-0.5463208,2.3636792,2.0536792,-0.7463208,0.6036792,-0.6463208,-1.6063209,0.6336792,-0.7163208,0.8036792,0.5436792,0.1436792,1.2136792,1.0336792,3.1636791,2.423679,2.1336792,0.9136792,-1.2463208,-0.1363208,0.5436792,-0.5263208,-0.116320804,-0.5763208,0.2236792,0.7236792,0.1636792,-2.4463208,-1.1263208,0.1636792,0.6236792,-3.4263208,-1.7263207,-0.6363208,-2.3463209,-1.0963207,-2.5963209,-2.4363208,-1.7663208,-1.9963208,-2.4863207,-2.0863209,-0.3163208,-1.2663208,-0.4163208
4.1136794,6.143679,6.563679,6.933679,5.313679,4.313679,3.7336793,2.0936792,6.683679,2.7436793,-0.2063208,4.083679,1.8536792,0.5736792,1.8136792,2.5736792,2.193679,1.3236792,0.5536792,1.3936791,0.9436792,-1.4163208,-0.6463208,-1.1563208,-2.4063208,-1.8163208,0.2836792,0.5736792,1.5236793,2.5436792,-0.4963208,-0.6863208,0.6436792,-0.5263208,0.6336792,0.1636792,0.5936792,-0.7463208,0.5336792,0.6436792,0.2736792,0.6336792,-0.4363208,-0.27632082,0.2636792,-1.2663208,-0.8563208,-0.3563208,-1.5863208,-2.1363208,-3.076321,-1.3863208,-1.5863208,-0.9363208,-0.1363208,-1.6163208,-1.3563209,-0.7163208,0.9336792,-7.686321
4.373679,4.6336794,4.373679,3.5136793,2.2236793,1.4136792,0.0836792,0.8336792,-0.0763208,1.8336792,2.0936792,-0.1763208,1.8736792,2.5336792,2.7136793,1.0336792,0.013679199,-0.1863208,-0.5563208,-0.0263208,2.1436791,0.6436792,0.4436792,0.8936792,0.9636792,-2.6963208,-0.6363208,1.5536792,2.5236793,2.5836792,5.143679,3.203679,1.1436791,0.8036792,0.3536792,0.4436792,0.5936792,0.8636792,0.7336792,0.3036792,0.7136792,1.1536793,-0.4063208,-0.3663208,-2.5863209,-1.3063208,-0.1463208,-2.566321,-1.7363209,-3.066321,-0.2663208,-1.0663208,-1.8763208,-1.7963208,-0.8563208,-1.0563208,-0.5563208,0.1936792,0.0936792,-2.2063208
5.123679,5.453679,4.223679,3.3636792,2.3836792,1.1636792,-0.0663208,-2.1663208,0.0736792,2.5136793,3.7736793,1.0836792,3.683679,2.953679,1.8336792,0.7636792,0.0036791991,-1.7663208,-2.4463208,-0.2263208,-0.3863208,-0.5963208,-2.1063209,-0.6163208,-2.046321,-0.8663208,1.8936791,4.4236794,2.8136792,2.8636792,2.0936792,3.4836793,0.6836792,0.3136792,-0.3263208,1.7236792,0.8236792,0.47367918,0.3136792,0.7636792,0.6036792,0.5036792,-1.1163208,-0.5263208,-2.3763208,-1.2363209,-2.7163208,-3.296321,-1.5763208,-3.4763207,-1.2263207,-1.3363208,-1.2263207,-1.4963208,-1.6263208,-0.5663208,-1.0363208,0.013679199,-0.0763208,-0.6663208
5.7536793,5.1936793,4.203679,3.2536793,2.703679,1.0636792,-0.0663208,-0.1063208,1.5636792,1.6936792,2.683679,1.7236792,3.6336792,5.083679,2.4636793,0.6336792,0.8136792,0.3536792,0.053679198,1.6436791,1.5136791,-0.4563208,-1.0363208,-0.4063208,-0.5063208,0.6536792,2.3936791,3.2936792,3.1536791,2.923679,2.1636791,4.413679,2.673679,1.3636792,0.5836792,3.4836793,4.1336794,0.3336792,0.4336792,0.4836792,-0.1263208,-0.0963208,0.7336792,0.4436792,-0.7763208,0.0436792,-1.7963208,-1.5663208,-1.3263208,-1.8863208,-2.1663208,-1.0863208,-2.6963208,-1.4363208,0.15367919,0.3536792,-0.6563208,-0.3763208,0.4336792,3.0936792
5.7136793,4.643679,4.063679,3.2936792,2.4636793,2.3136792,1.2336792,1.0336792,1.2936792,1.0436792,1.5236793,2.9636793,5.4436793,3.3036792,2.0736792,-0.4463208,0.8736792,-1.1463208,-0.3063208,0.3336792,-0.1463208,-1.7663208,-0.3263208,-0.6863208,-0.2663208,0.3136792,2.5236793,4.5236793,1.4136792,-0.0663208,-0.5963208,4.0936794,6.473679,1.2636791,0.2936792,5.823679,5.353679,2.0436792,0.3136792,-0.0663208,-0.3263208,-0.2363208,-0.0763208,0.063679196,-0.0263208,-0.4263208,-4.236321,-2.0163207,-7.5963206,-2.9063208,-2.4463208,-1.9163208,-0.6663208,0.2136792,-0.3563208,0.6336792,0.5636792,0.8136792,0.9536792,0.8436792
7.643679,5.893679,4.323679,3.6136792,4.053679,3.9736793,2.3736792,1.3736792,2.443679,2.4036791,1.8936791,2.0436792,3.5136793,2.8536792,0.8936792,-1.3863208,-0.2463208,1.7136792,1.7136792,-0.3963208,-0.0963208,1.1936792,0.7836792,1.9136792,0.3536792,1.8936791,3.5336792,4.9836793,3.193679,2.7436793,2.8236792,2.7236793,4.9236794,5.5236793,0.3636792,3.443679,3.3936791,0.6036792,0.6036792,0.3736792,-0.7563208,-0.3963208,-0.7163208,-0.2263208,-0.7463208,-0.7163208,-4.216321,-10.906321,-6.546321,-5.186321,-1.2563208,0.063679196,2.0436792,0.7336792,-0.3363208,-0.4463208,1.7736793,0.9736792,1.1036792,-0.7663208
7.293679,6.413679,5.293679,5.1736794,4.583679,3.3036792,2.4936793,2.0836792,1.6636792,2.423679,1.9536792,3.3336792,4.663679,4.4636793,0.8736792,1.3836792,0.8336792,2.1536791,1.3936791,1.2536792,1.7536792,1.6036792,2.4636793,1.6036792,0.7436792,5.8636794,4.453679,2.8336792,2.5936792,5.283679,5.5936794,4.603679,5.263679,5.873679,3.7336793,2.183679,1.5336792,0.5136792,0.8536792,0.6936792,1.4736792,1.1936792,-0.0163208,-0.5563208,-1.1063209,0.7236792,-11.286321,-11.226321,-9.406321,-0.6263208,-0.6463208,0.4636792,2.5236793,0.8436792,0.6236792,1.5536792,3.3536792,4.7336793,4.703679,2.3736792
6.163679,6.143679,4.793679,4.303679,3.3936791,2.9136791,2.433679,2.2236793,2.0336792,0.9436792,1.2136792,2.6436791,3.0036793,1.6436791,0.9636792,0.8436792,1.5236793,0.6436792,1.0636792,0.6836792,1.0036792,1.5036792,-0.1063208,0.3736792,3.2436793,2.1636791,0.15367919,0.8036792,5.433679,10.053679,5.4036794,4.553679,5.1536794,6.433679,7.583679,1.6736792,1.3036792,0.2436792,0.8936792,1.3736792,0.4836792,1.0836792,0.6636792,1.7836792,0.6336792,-1.1163208,-3.296321,-13.52632,-7.5563207,-2.0963209,-3.9263208,2.4036791,0.6136792,-0.3263208,-1.1563208,-0.1763208,6.053679,8.043679,8.813679,7.0036793
5.9636793,5.6936793,5.353679,4.5036793,3.9736793,3.5636792,2.5236793,2.2236793,1.6136792,1.2936792,1.5036792,1.5536792,1.5236793,1.2036792,1.1836792,2.0836792,-0.116320804,-1.4363208,-0.8363208,-0.4163208,-1.1863208,-1.0263208,0.9736792,1.9136792,1.2336792,0.9836792,1.9736792,5.203679,6.7736793,7.2136793,7.073679,7.203679,7.163679,6.913679,7.5236793,2.7536793,1.5736792,2.1236792,0.5836792,0.6036792,2.0536792,0.8336792,1.8936791,0.9436792,0.1236792,-0.1663208,-0.0563208,-2.4763207,-3.8363209,5.4036794,1.7836792,-0.4563208,1.4636792,-1.7863208,-5.216321,-0.1563208,15.273679,13.093679,12.333679,9.613679
6.2536793,6.143679,5.3636794,4.813679,4.1736794,4.013679,3.7136793,3.6036792,2.0336792,1.2536792,1.3136792,0.4136792,0.9536792,0.6736792,1.3536792,3.1236792,3.9936793,2.3236792,1.4136792,0.2036792,-0.6663208,-0.3963208,-1.1763208,-1.1163208,1.0236793,1.2236792,3.5136793,5.1736794,7.4636793,7.263679,7.4036794,7.1936793,6.893679,7.063679,6.7336793,2.5736792,3.5836792,3.8936791,1.9536792,-0.1763208,3.4836793,2.4736793,0.0836792,1.0436792,0.7936792,-0.3363208,1.1536793,0.7836792,1.1336792,-1.8363208,3.5136793,2.6036792,2.6236792,1.3036792,-0.6263208,4.953679,6.1336794,16.18368,13.193679,11.023679
6.5236793,5.7336793,5.393679,5.243679,4.6136794,4.473679,3.9036791,3.173679,2.9836793,1.7136792,0.9336792,0.8436792,-0.0363208,0.8936792,2.183679,2.0836792,2.5236793,2.5636792,1.0936792,-0.3563208,-2.046321,0.9636792,-0.5563208,0.0936792,1.4036793,3.2936792,4.0936794,5.013679,6.063679,6.0936794,7.1536794,6.973679,6.793679,6.9036794,5.413679,4.623679,3.5136793,2.933679,-0.1663208,0.7536792,2.943679,2.2836792,-0.0463208,0.1736792,0.8736792,0.6736792,-0.3463208,1.2636791,1.3436792,0.7336792,-0.5563208,5.823679,4.9236794,5.9836793,5.813679,6.6136794,15.813679,15.60368,12.273679,10.60368
6.583679,6.243679,6.3836794,5.5236793,5.143679,4.4836793,3.8936791,3.1036792,2.9836793,2.1536791,1.9436792,0.8436792,1.0836792,1.3836792,2.9736793,2.7536793,2.5236793,1.3136792,-0.2363208,-1.2963208,0.9036792,3.1636791,2.6236792,2.0936792,3.0336792,4.5936794,5.4636793,5.973679,6.333679,6.1736794,6.683679,6.2136793,6.2736793,5.913679,4.603679,4.263679,4.0936794,2.9136791,1.5236793,0.013679199,1.2336792,-1.3763208,0.2836792,2.6336792,0.7136792,0.1436792,0.8036792,1.1836792,1.9536792,2.0436792,4.6136794,5.933679,6.533679,6.953679,11.68368,13.523679,15.483679,13.783679,11.873679,10.483679
6.7536793,5.953679,5.8436794,5.543679,4.813679,4.793679,3.8336792,4.3436794,3.5736792,3.5936792,2.3736792,2.8036792,2.3036792,2.1136792,1.7836792,0.1236792,1.9036793,2.0836792,1.1136792,1.2936792,2.683679,4.1336794,4.1936793,3.2536793,3.5436792,4.953679,5.793679,6.313679,6.143679,6.493679,6.013679,5.993679,6.1136794,5.0236793,5.223679,4.3436794,4.743679,3.6436791,3.173679,0.8736792,2.8836792,0.063679196,1.1236792,1.1836792,0.9336792,0.0736792,1.9036793,3.3636792,1.9836792,2.9036791,3.9936793,3.5836792,6.763679,10.623679,11.133679,14.163679,10.063679,12.083679,9.843679,10.593679
