data/v_comp.json
{"header": { "discipline":0, "disciplineName":"Meteorological products", "gribEdition":2, "gribLength":79958, "center":7, "centerName":"US National Weather Service - NCEP(WMC)", "subcenter":0, "refTime":"2019-09-02T06:00:00.000Z", "significanceOfRT":1, "significanceOfRTName":"Start of forecast", "productStatus":0, "productStatusName":"Operational products", "productType":1, "productTypeName":"Forecast products", "productDefinitionTemplate":0, "productDefinitionTemplateName":"Analysis/forecast at horizontal level/layer at a point in time", "parameterCategory":2, "parameterCategoryName":"Momentum", "parameterNumber":3, "parameterNumberName":"V-component_of_wind", "parameterUnit":"m.s-1", "genProcessType":2, "genProcessTypeName":"Forecast", "forecastTime":6, "surface1Type":103, "surface1TypeName":"Specified height level above ground", "surface1Value":10.0, "surface2Type":255, "surface2TypeName":"Missing", "surface2Value":0.0, "gridDefinitionTemplate":0, "gridDefinitionTemplateName":"Latitude_Longitude", "numberPoints":65160, "shape":6, "shapeName":"Earth spherical with radius of 6,371,229.0 m", "gridUnits":"degrees", "resolution":48, "winds":"true", "scanMode":0, "nx":360, "ny":181, "basicAngle":0, "lo1":0.0, "la1":90.0, "lo2":359.0, "la2":-90.0, "dx":1.0, "dy":1.0 }, "data":
[rows 26 to 51 of 181, columns 180 to 239 of 360]
-12.31632,-12.786321,-12.426321,-10.926321,-11.06632,-11.426321,-5.2263207,-9.31632,-9.956321,-6.7463207,-2.7163208,-2.0263207,-1.3163208,-1.0863208,-0.3563208,0.3836792,0.3236792,1.9336792,2.7636793,3.4936793,2.6136792,0.9036792,2.423679,-0.5163208,-1.3163208,-1.1063209,-0.7263208,-1.2663208,-1.9263208,-1.8463207,2.683679,4.293679,7.1936793,3.5136793,2.2136793,0.4436792,-0.0263208,0.6436792,0.023679199,1.4636792,0.9736792,0.7736792,-0.1063208,0.3236792,-0.6763208,0.3636792,-0.2663208,-0.5363208,0.3736792,0.6136792,1.1436791,0.2436792,0.2336792,-0.1763208,-0.1963208,0.0336792,-0.0563208,0.2436792,0.1736792,1.3736792
-13.536321,-12.786321,-10.10632,-9.726321,-10.496321,-9.306321,-9.326321,-7.876321,-5.426321,-6.216321,-4.2263207,-2.2563207,-1.3563209,-1.4263208,-0.2063208,0.5236792,1.8336792,6.083679,5.993679,4.293679,3.0536792,5.6936793,8.573679,4.893679,-0.2963208,-1.1163208,0.1736792,1.7236792,5.293679,5.823679,0.7536792,0.9336792,0.4136792,0.063679196,-1.0363208,-1.2963208,0.2436792,0.9836792,0.7136792,0.5536792,0.9636792,0.6036792,0.7336792,0.3236792,0.2636792,-0.4663208,0.6236792,0.6036792,0.9636792,0.6336792,0.9536792,2.6236792,2.7436793,1.0036792,1.5836792,0.2136792,-0.0163208,0.8436792,2.1236792,1.3336792
-11.64632,-12.27632,-9.586321,-8.886321,-8.186321,-8.556321,-7.3063207,-5.8463206,-5.256321,-5.666321,-4.5763206,-0.9163208,-1.0163208,-0.6663208,-1.1563208,-0.3663208,1.5136791,3.9736793,0.9136792,2.9036791,8.193679,6.0236793,5.6936793,6.9636793,3.933679,2.0136793,1.4836792,0.5436792,-0.5463208,0.1636792,1.1636792,1.7436792,1.7436792,1.3636792,2.443679,6.0036793,5.0936794,5.6136794,3.443679,1.6536793,2.0436792,2.5036793,0.6836792,2.1336792,2.173679,1.0236793,2.6336792,2.0836792,0.1636792,0.9636792,1.7736793,1.9636792,1.3636792,0.1136792,0.3136792,1.6936792,0.6336792,0.9336792,1.0036792,1.0636792
-8.746321,-10.376321,-9.4863205,-8.686321,-8.516321,-7.936321,-7.7463207,-6.796321,-5.6163206,-4.646321,-4.5963206,-3.4063208,-1.7363209,-1.0163208,-3.6363208,0.1636792,6.263679,7.7736793,7.2736793,4.583679,0.9236792,7.9036794,6.293679,7.573679,4.7136793,2.5436792,-0.2463208,1.0336792,-0.5163208,-1.2963208,2.8136792,0.1736792,-0.8863208,1.9836792,2.0036793,1.2736793,0.9636792,3.4936793,1.7936792,1.2936792,3.0536792,3.3536792,1.7736793,2.1636791,3.0136793,3.673679,2.5036793,1.3436792,1.1736792,0.8436792,1.2236792,1.1936792,0.7836792,0.6436792,1.8536792,2.453679,1.0136791,0.9036792,0.4836792,0.4636792
-6.776321,-7.4063206,-7.5763206,-7.3063207,-7.276321,-7.4963207,-7.486321,-6.086321,-4.3263206,-1.5363208,-1.5863208,-2.8663208,-3.4463208,-0.2563208,-0.0263208,0.3136792,9.7636795,10.193679,11.113679,3.0436792,1.6536793,0.9336792,7.5236793,7.663679,7.1736794,6.083679,1.0736792,3.1436791,4.243679,1.8136792,2.7136793,2.443679,5.1736794,6.493679,6.033679,6.203679,4.373679,3.8136792,-0.6163208,-3.7863207,-0.9663208,0.9536792,3.9836793,3.7936792,5.813679,4.933679,1.8736792,1.3736792,3.0536792,2.5136793,1.7436792,1.9236792,0.2036792,1.3136792,1.5336792,1.2736793,0.0836792,-0.3563208,-0.0763208,-0.9063208
-2.7463207,-4.0563207,-5.2263207,-6.396321,-6.3463206,-5.966321,-6.006321,-5.3663206,-4.5363207,-3.4963207,-3.816321,-1.5463208,-0.6063208,0.0736792,-0.1463208,2.0236793,7.8436794,9.913679,11.943679,3.953679,8.053679,6.263679,6.0036793,7.033679,2.9736793,0.8736792,2.2836792,8.363679,9.563679,7.3836794,8.283679,7.5036793,6.823679,5.2336793,4.2336793,3.693679,2.9636793,5.0036793,5.243679,4.543679,4.2536793,2.5936792,0.3736792,1.9036793,2.0436792,3.3736792,5.703679,2.0136793,1.5036792,2.3036792,1.5736792,3.7836792,2.173679,2.5536792,2.1436791,1.3136792,-0.3463208,-0.6763208,0.0836792,-1.5863208
-2.5163207,-1.9763207,-3.4363208,-4.206321,-4.0163207,-4.436321,-4.926321,-4.586321,-3.7663207,-2.8563209,-2.4063208,-2.056321,-1.9763207,-1.7063208,-0.2063208,2.443679,4.9036794,6.543679,8.14368,9.5136795,13.573679,9.313679,6.953679,4.033679,3.5636792,8.403679,6.263679,0.5236792,12.93368,8.883679,8.923679,9.0136795,8.253679,7.243679,5.103679,5.163679,2.9636793,0.1036792,4.9236794,7.123679,8.053679,7.6736794,5.513679,4.6936793,1.8336792,0.3536792,2.1136792,2.9736793,1.9936792,0.9536792,0.9836792,0.3536792,0.9336792,2.0236793,1.0536792,0.5836792,0.7636792,1.2336792,1.1136792,0.4936792
-2.0063207,-2.0363207,-1.9063208,-1.3363208,-2.046321,-3.2163208,-4.4763207,-3.5163207,-3.076321,-2.7563207,-2.1963208,-2.5063207,-2.7563207,-2.9863207,-0.4563208,2.433679,3.7536793,4.4836793,6.393679,7.223679,10.89368,6.913679,4.4636793,4.9836793,12.463679,13.693679,5.513679,10.843679,9.953679,9.43368,8.813679,8.213679,7.2336793,6.5236793,5.4836793,4.893679,3.4936793,2.4136791,1.1736792,4.5236793,8.303679,12.14368,9.533679,7.893679,4.183679,0.7336792,3.1436791,1.5336792,1.3636792,1.9836792,0.7936792,0.5236792,0.6036792,1.6136792,0.1836792,-0.0763208,0.2636792,-0.0263208,0.1636792,-0.1663208
-1.4563208,-0.5763208,-0.2963208,-0.4463208,-1.6463208,-1.3363208,-0.5363208,-1.8763208,-1.8363208,-2.0263207,-1.4863209,-1.1063209,-0.9463208,-1.1563208,-1.1963208,-0.1663208,3.3036792,4.663679,7.203679,6.203679,3.183679,3.1136792,8.233679,10.213679,12.073679,12.003679,11.303679,11.053679,10.033679,9.47368,8.773679,8.14368,7.4236794,6.013679,5.553679,5.063679,3.673679,1.8136792,3.2536793,6.6736794,9.333679,10.873679,9.993679,7.183679,5.8636794,4.263679,3.183679,1.0036792,0.8336792,0.4336792,1.2236792,0.2536792,0.9036792,0.3236792,0.0936792,0.6036792,-0.0663208,1.1736792,0.7636792,0.7836792
0.4436792,0.6436792,0.1336792,0.6336792,0.7536792,0.1236792,-0.0063208006,-0.6863208,-0.2363208,-0.2863208,-0.6363208,-0.5763208,-0.2963208,-0.6163208,-0.3963208,0.5536792,3.0936792,-0.1963208,2.2136793,4.263679,4.6936793,6.243679,7.7136793,11.793679,12.333679,11.983679,11.803679,10.913679,9.7636795,8.89368,7.833679,7.1936793,6.543679,5.663679,4.9836793,3.8236792,2.683679,2.8136792,4.9036794,7.413679,8.39368,9.953679,9.383679,7.4436793,5.553679,3.5236793,1.9136792,-0.5663208,-0.0463208,-0.3963208,0.5236792,0.5636792,1.4636792,0.4936792,0.4136792,-0.6463208,-0.1363208,0.063679196,1.3536792,1.4036793
2.2636793,2.173679,1.9836792,1.6836792,1.0836792,1.0836792,1.0436792,1.5036792,0.8036792,0.3836792,0.6636792,1.0336792,0.2736792,2.7736793,-1.0463208,-0.7763208,-0.4063208,0.5336792,1.3136792,2.0836792,2.2236793,3.2936792,9.39368,10.60368,11.47368,11.653679,10.43368,9.443679,8.793679,8.203679,7.4436793,6.7736793,6.033679,5.0936794,4.083679,3.0236793,3.1636791,4.9036794,6.6936793,7.4436793,8.463679,8.60368,7.703679,6.203679,4.573679,1.7136792,1.5336792,1.7736793,-0.0363208,-1.1763208,-0.5063208,-0.0063208006,0.4036792,0.6836792,0.6136792,0.5836792,0.3136792,0.15367919,0.5536792,0.5436792
2.9036791,2.4636793,1.7736793,1.0436792,0.7136792,1.1336792,1.7736793,0.7836792,0.47367918,0.8036792,0.7536792,-1.2263207,-0.1463208,-1.6263208,-0.8863208,0.053679198,0.1636792,1.5136791,1.2236792,1.6336792,1.4036793,4.833679,8.743679,8.883679,10.203679,9.543679,8.173679,8.423679,8.373679,7.543679,6.4236794,5.973679,5.513679,4.063679,2.8836792,3.423679,6.163679,6.553679,6.803679,7.9636793,7.1536794,7.473679,6.083679,4.7536793,3.7536793,1.7036792,0.5936792,-1.7563208,0.7936792,-1.6663208,-3.576321,0.2336792,0.6136792,0.7436792,1.0536792,0.5936792,0.3836792,0.5036792,0.3036792,0.3136792
2.933679,2.9736793,3.9636793,1.5436792,0.1936792,3.4836793,1.2036792,1.9136792,1.0436792,0.5736792,-0.8763208,-2.3763208,-1.7463208,-1.4163208,-1.2263207,-0.6763208,-0.3363208,0.7036792,1.2636791,1.4436792,2.3836792,5.2136793,6.293679,7.413679,7.893679,8.053679,7.1936793,6.6136794,7.373679,6.7136793,5.2536793,4.8436794,4.053679,2.7936792,3.0736792,6.4436793,7.1336794,7.103679,6.453679,6.5936794,6.873679,6.183679,4.7536793,3.7636793,2.1436791,0.2536792,-1.2963208,-3.4063208,-4.166321,-0.9663208,-0.5163208,-0.7663208,-0.3563208,0.1136792,0.5536792,0.7236792,0.6336792,-0.4363208,0.6936792,-0.6463208
3.693679,3.6336792,2.453679,2.0736792,0.8436792,0.3036792,1.3936791,0.5536792,0.5736792,0.4336792,-0.4163208,-1.0363208,-1.4663208,-0.6963208,-1.1463208,-1.0563208,-0.7163208,0.2236792,0.8636792,1.7636791,2.6236792,3.8636792,5.373679,6.6736794,6.7536793,6.3636794,5.913679,6.163679,6.823679,5.313679,4.573679,3.5936792,2.3036792,2.0836792,4.8636794,7.073679,6.4436793,5.8636794,6.143679,6.493679,6.393679,5.1136794,3.9136791,2.423679,0.4036792,-1.9363208,-3.0163207,-3.566321,-3.7363207,-2.6763208,-2.3963208,-2.326321,-1.8363208,-0.1663208,-0.8763208,-0.7963208,0.0036791991,-0.7163208,0.5536792,-0.4163208
3.4936793,3.2236793,2.5936792,2.2136793,1.4736792,1.2236792,1.1036792,0.4836792,-0.8663208,-0.3463208,-0.2363208,-0.5363208,-0.9963208,-1.0063208,-0.9663208,-0.1563208,0.0336792,0.3036792,1.2836792,1.9736792,2.3536792,3.5336792,4.0036793,5.033679,5.7336793,5.0036793,5.553679,5.163679,4.893679,4.053679,3.0736792,1.3136792,-0.3063208,2.6036792,6.993679,6.9236794,5.723679,4.623679,5.793679,5.243679,4.6336794,3.3136792,2.5136793,-0.3463208,-2.6563208,-1.9763207,-2.2163208,-2.8463209,-3.5263207,-4.296321,-4.106321,-5.006321,-4.5563207,-1.1863208,-0.2063208,-2.046321,-1.1663208,-0.7163208,-0.7363208,0.7636792
3.3536792,2.5236793,2.0436792,1.5336792,0.9036792,1.4436792,1.7536792,0.4336792,-0.7363208,-0.8863208,-0.5163208,-0.3063208,0.2836792,-0.5863208,-1.1663208,-0.8963208,0.0436792,1.0936792,1.0036792,1.1736792,2.0836792,2.7236793,3.4636793,4.043679,3.8036792,3.3036792,3.7236793,4.123679,3.0036793,2.693679,0.8136792,-0.7863208,1.8836792,7.0236793,6.643679,6.033679,5.103679,5.683679,5.143679,3.3036792,3.5036793,2.2836792,0.0936792,-2.8363209,-2.0863209,-2.2563207,-2.2163208,-2.9963207,-4.716321,-5.5563207,-5.336321,-3.9663208,-3.3663208,-3.4163208,-2.066321,-1.3063208,-0.0463208,-1.5063208,0.5836792,-0.116320804
2.9136791,3.1136792,2.4836793,1.3836792,1.2136792,1.6736792,1.5636792,0.3136792,-0.4463208,-0.7263208,-0.3063208,-0.9463208,-0.8163208,-0.7963208,-0.9063208,-0.4063208,0.063679196,0.8436792,1.0636792,2.0636792,1.5436792,2.2836792,2.4736793,2.5536792,1.6736792,2.6636791,3.3636792,2.3836792,2.0136793,-0.0063208006,-1.7263207,-1.4863209,4.703679,7.3836794,6.583679,5.6136794,4.7136793,4.703679,3.173679,0.4136792,2.3936791,0.3236792,-2.6863208,-3.1963208,-2.7363207,-2.6963208,-2.306321,-4.7263207,-6.8063207,-6.2463207,-4.586321,-6.106321,-2.4663208,0.6236792,2.0736792,0.4136792,0.3336792,0.4136792,0.2336792,-1.8263208
4.283679,3.0336792,3.1036792,1.5336792,1.5136791,1.6236792,1.2636791,0.3536792,-0.4063208,-0.1963208,-0.8563208,-0.9763208,-1.2763208,-0.5563208,-1.2463208,-1.0963207,0.1436792,1.1536793,1.0736792,1.3336792,1.7536792,1.5236793,1.1836792,0.3636792,0.4236792,2.7636793,2.2336793,1.2136792,-0.0263208,-2.1063209,-2.8963208,3.5436792,6.2336793,6.973679,5.813679,4.4836793,4.243679,3.0236793,1.6236792,-0.3463208,1.5036792,-2.3363209,-2.7363207,-3.5863209,-2.6163208,-3.1463208,-4.426321,-6.126321,-6.436321,-4.8263206,-3.7563207,-3.566321,-2.806321,-2.566321,0.6436792,1.3436792,-0.4363208,-0.4863208,0.4936792,-0.5763208
3.9736793,2.8136792,1.6336792,0.5936792,1.3636792,1.4236792,0.6236792,0.7736792,0.3236792,-1.0763208,-1.2963208,-1.4863209,-1.7163208,-1.0963207,-0.4663208,-0.4363208,0.0836792,-0.4663208,0.1936792,0.0336792,0.1136792,-0.1563208,-0.1463208,-0.1063208,0.8936792,1.8636792,0.7436792,-0.8363208,-2.4363208,-2.7763207,1.9336792,4.3836794,6.033679,5.203679,4.3836794,3.5336792,2.8036792,2.2136793,0.053679198,0.9036792,-0.2463208,-3.2563207,-3.816321,-3.7763207,-2.7863207,-3.3363209,-4.716321,-5.436321,-5.296321,-5.7863207,-1.2963208,-2.1263208,-3.5263207,-4.9063206,0.6536792,2.6336792,1.0536792,-0.5163208,-0.9163208,-0.9963208
3.5936792,4.073679,2.3936791,1.7436792,2.3436792,1.9436792,1.3336792,0.8136792,0.3636792,-0.7063208,-1.6963208,-2.1263208,-1.9963208,-1.8763208,-2.2863207,-2.556321,-1.1963208,-1.8663208,-0.1663208,-1.4863209,-1.7063208,-1.7963208,-2.2763207,-0.9263208,-1.2363209,-1.8963208,-2.2763207,-3.0363207,-1.6363208,1.3936791,4.723679,5.323679,4.783679,4.533679,3.3036792,3.6136792,2.5936792,0.1036792,-2.5163207,-0.5663208,-1.9663208,-4.126321,-4.456321,-3.7463207,-2.806321,-3.9463208,-4.3263206,-4.8063207,-4.506321,-3.2063208,-3.1063209,-4.0963206,-4.416321,-3.6163208,1.5636792,1.8736792,0.0336792,0.6936792,0.5736792,0.8136792
4.513679,3.693679,2.3836792,1.6036792,2.2636793,1.9236792,1.2436792,0.4036792,-0.5063208,-1.5863208,-1.6563208,-2.2563207,-1.8363208,-2.076321,-1.7263207,-1.0063208,-0.7063208,-0.7963208,-1.8863208,-2.9663208,-2.2263207,-3.1363208,-2.4163208,-3.4563208,-4.1363206,-7.3463206,4.893679,5.043679,4.143679,3.5636792,4.313679,4.723679,3.9836793,2.703679,3.5736792,0.9736792,-1.1963208,-2.3763208,0.2036792,-1.8363208,-3.296321,-5.0163207,-4.8863206,-2.1763208,-3.4463208,-4.196321,-4.396321,-4.126321,-3.8963208,-3.576321,-3.6763208,-4.2263207,-3.7463207,1.0836792,0.1936792,-0.1463208,-0.0863208,0.4136792,0.5236792,-0.6163208
4.4036794,2.6136792,2.5236793,1.0436792,0.7836792,0.9336792,0.7336792,-0.2963208,-0.3363208,-0.4663208,-1.6063209,-2.296321,-2.1763208,-1.9263208,-3.1763208,-2.2763207,-3.056321,-4.5963206,-2.2063208,-3.8563209,-3.0163207,-3.8563209,-5.686321,-5.9963207,-6.7463207,7.2736793,6.803679,5.323679,4.1136794,3.7936792,2.8636792,3.7636793,2.2736793,3.7136793,0.8136792,-0.1563208,-1.9763207,-3.8663208,-1.5863208,-2.9863207,-4.8463206,-6.166321,-5.416321,-2.826321,-4.796321,-6.0563207,-5.3863206,-4.7863207,-5.1163206,-2.8663208,-3.1363208,-3.7663207,0.0936792,-0.6663208,-0.8863208,-1.5063208,0.4536792,0.1336792,0.023679199,1.4436792
3.703679,3.673679,2.1136792,2.1136792,2.443679,2.5236793,2.5836792,-1.2863208,-0.4263208,-1.2263207,-1.7863208,-2.546321,-2.3963208,-3.3563209,-3.8663208,-3.3463209,-3.6763208,-2.6863208,-3.3963208,-4.436321,-3.6663208,-5.446321,-6.0563207,-8.156321,4.313679,5.783679,5.4236794,4.0036793,3.173679,1.4336792,2.693679,1.7536792,4.353679,1.5036792,-0.9463208,-2.6663208,-2.0263207,-2.6363208,-3.7863207,-3.5963209,-5.986321,-5.6563206,-6.506321,-5.736321,-6.856321,-4.686321,-2.8963208,-2.8763208,-3.3963208,-1.7663208,-0.3863208,0.1936792,-0.4363208,-0.7563208,-2.4963207,-4.446321,-0.3663208,-0.4963208,0.2636792,1.3236792
4.123679,3.3436792,1.6236792,2.8036792,2.4036791,1.4036793,0.1936792,-0.1763208,-0.6763208,-1.6963208,-1.9463208,-2.4863207,-1.9363208,-2.2763207,-3.2363207,-2.826321,-3.556321,-3.7463207,-4.0363207,-5.566321,-6.646321,-6.2663207,-1.1063209,5.563679,6.2536793,5.763679,4.4836793,2.6336792,1.3436792,2.6536791,2.3536792,2.7236793,1.0336792,-1.3363208,-1.6463208,-1.4263208,-3.3663208,-2.9063208,-4.106321,-4.126321,-6.3863206,-6.196321,-6.276321,-6.896321,-4.756321,-2.8463209,-4.046321,-3.0263207,-3.296321,-3.1463208,2.0236793,1.3736792,-0.8663208,-1.2463208,-3.556321,-4.666321,-0.3563208,0.0036791991,-1.5663208,1.8436792
2.5536792,2.0536792,2.0536792,2.5936792,2.8836792,2.1236792,2.1036792,1.5236793,1.4736792,1.6636792,0.3336792,-1.1763208,-1.6863208,-2.9463208,-3.7563207,-3.7363207,-3.5963209,-5.146321,-5.466321,-6.546321,-6.166321,2.7736793,4.803679,5.9636793,6.2336793,5.0036793,4.163679,2.2236793,0.4836792,1.2036792,2.4836793,1.3736792,-1.1263208,-2.1563208,1.0036792,-2.566321,-2.066321,-3.6763208,-4.6163206,-3.7763207,-3.8463209,-5.8463206,-5.1363206,-4.9963207,-4.926321,-4.006321,-2.1463208,-3.5263207,-2.4063208,-0.1363208,0.0336792,2.5136793,-0.5163208,-2.7163208,-4.146321,-7.376321,-3.2463207,-0.7163208,-0.3263208,-0.4563208
2.3736792,1.2936792,1.5536792,3.1636791,3.8136792,3.5036793,2.7236793,1.5736792,1.3636792,0.1136792,-0.3563208,-1.9363208,-2.8763208,-3.6463208,-4.066321,-4.756321,-5.936321,-6.376321,-7.086321,6.1536794,5.2336793,4.783679,7.053679,5.583679,6.623679,4.373679,3.673679,1.0236793,0.023679199,1.6436791,0.6636792,-1.1863208,-1.4563208,-0.6163208,-2.1563208,-2.5363207,-4.3063207,-4.126321,-4.146321,-4.1363206,-3.8663208,-5.336321,-5.376321,-4.7263207,-5.9763207,-3.6363208,-2.0963209,-1.5363208,-1.8063208,-1.1363208,-1.5763208,0.3536792,-0.9963208,-3.076321,-4.756321,-7.446321,-7.066321,-1.6763208,-1.8363208,-0.9263208
