data/wind_data.json
{"header": {"productDefinitionTemplate": 0, "surface1Type": 103, "scanMode": 0, "genProcessType": 2, "winds": "true", "productStatus": 0, "disciplineName": "Meteorological products", "parameterUnit": "m.s-1", "significanceOfRT": 1, "productDefinitionTemplateName": "Analysis/forecast at horizontal level/layer at a point in time", "centerName": "US National Weather Service - NCEP(WMC)", "la1": 90.0, "la2": -90.0, "discipline": 0, "lo2": 359.0, "subcenter": 0, "surface2Value": 0.0, "significanceOfRTName": "Start of forecast", "surface1Value": 10.0, "parameterNumberName": "V-component_of_wind", "shapeName": "Earth spherical with radius of 6,371,229.0 m", "surface2Type": 255, "genProcessTypeName": "Forecast", "surface1TypeName": "Specified height level above ground", "nx": 360, "ny": 181, "productTypeName": "Forecast products", "basicAngle": 0, "gridDefinitionTemplate": 0, "gridDefinitionTemplateName": "Latitude_Longitude", "parameterNumber": 3, "dx": 1.0, "dy": 1.0, "gridUnits": "degrees", "parameterCategoryName": "Momentum", "parameterCategory": 2, "numberPoints": 65160, "center": 7, "productStatusName": "Operational products", "gribEdition": 2, "shape": 6, "forecastTime": 6, "surface2TypeName": "Missing", "refTime": "2019-09-02T06:00:00.000Z", "productType": 1, "lo1": 0.0, "resolution": 48, "gribLength": 79958}, "data":
[rows 130 to 155 of 181, columns 180 to 239 of 360]
2.0836792,1.2936792,2.5536792,3.1636791,2.2536793,2.6536791,3.4636793,1.8936791,1.8836792,2.433679,3.173679,3.453679,2.9936793,2.433679,2.2336793,0.9536792,-0.0363208,-0.2963208,-1.0663208,-1.5163208,-1.3363208,-1.3763208,-0.9063208,-0.8363208,-1.0063208,-0.3663208,-0.7463208,-0.9263208,-0.0963208,-0.5963208,-1.0563208,-2.7363207,-4.7463207,-4.1163206,-3.0063207,-2.6363208,-2.6263208,-1.7563208,-1.7063208,-2.066321,-2.0163207,-0.8763208,-0.7863208,-1.5363208,-1.9863209,-2.1563208,-3.8863208,-5.7663207,-5.666321,-5.756321,-6.066321,-5.876321,-6.166321,-5.206321,-3.4863207,-2.2263207,-1.8263208,-2.1063209,-0.3363208,1.7436792
3.953679,3.7736793,4.103679,4.493679,5.043679,5.333679,5.573679,5.2736793,5.323679,5.8436794,5.9436793,6.303679,5.9836793,5.563679,5.013679,3.443679,2.2336793,1.5336792,0.4036792,-0.2363208,-1.3463207,-2.1163208,-2.1763208,-1.7363209,-1.4263208,-1.0963207,-1.0863208,-1.5163208,-1.5663208,-1.5963207,-1.0163208,-2.1063209,-2.3863208,-5.646321,-4.6563206,-3.7763207,-3.1563208,-2.5863209,-2.9663208,-1.9663208,-1.4763207,-1.0563208,-1.0963207,-0.6063208,-1.5363208,-1.1463208,-2.1663208,-4.2263207,-5.706321,-6.436321,-6.6363206,-7.0163207,-6.796321,-5.9063206,-4.796321,-3.2163208,-3.8563209,-3.2063208,-1.6363208,0.7936792
2.9036791,3.8836792,4.393679,3.9136791,4.573679,5.293679,6.0236793,6.2736793,6.573679,6.683679,7.473679,7.683679,7.7136793,7.1336794,6.743679,6.1936793,4.643679,3.5136793,1.9336792,0.4436792,-0.5163208,-1.7463208,-2.0063207,-2.326321,-2.3963208,-1.9763207,-2.0263207,-1.8863208,-2.6563208,-2.306321,-2.3763208,-2.1363208,-2.046321,-2.2463207,-6.3863206,-6.0163207,-5.926321,-5.176321,-4.0963206,-3.2763207,-2.3463209,-1.9363208,-1.7863208,-1.3263208,-0.8963208,-2.806321,-1.8163208,-2.8363209,-3.8463209,-5.9763207,-6.926321,-7.2863207,-7.376321,-6.2863207,-6.086321,-4.316321,-3.2663207,-3.0263207,-2.9563208,-1.7663208
4.073679,3.9036791,4.3436794,4.7136793,5.413679,6.123679,6.7136793,7.1136794,7.723679,8.153679,8.083679,8.413679,8.083679,7.8636794,7.4836793,7.183679,6.263679,4.853679,3.3236792,1.4536792,-0.2263208,-1.6963208,-2.1863208,-2.326321,-2.7463207,-2.9863207,-2.7463207,-2.9863207,-3.0963209,-3.6663208,-3.6063209,-3.546321,-3.8663208,-3.3763208,-3.0863209,-3.8463209,-6.666321,-5.336321,-5.006321,-4.0363207,-3.9763207,-3.576321,-1.9963208,-2.2163208,-1.7363209,-2.5063207,-3.1863208,-3.1963208,-3.1263208,-4.526321,-6.896321,-8.306321,-8.046321,-7.4063206,-6.756321,-6.1363206,-4.8463206,-4.566321,-2.8563209,-2.5863209
5.243679,4.1336794,4.203679,5.7536793,6.603679,7.1736794,7.373679,7.553679,8.753679,8.573679,9.22368,9.68368,9.303679,9.64368,8.93368,7.993679,6.473679,6.303679,5.3436794,3.6536791,2.0036793,-1.1663208,-2.8363209,-3.4563208,-3.4363208,-3.9863207,-4.026321,-4.506321,-4.0963206,-3.7663207,-4.176321,-4.336321,-4.3463206,-4.796321,-3.9463208,-3.1563208,-2.2263207,-6.4763207,-6.6163206,-6.3863206,-5.0363207,-4.716321,-4.446321,-2.6363208,-3.1163208,-3.1663208,-3.6563208,-4.126321,-4.026321,-4.956321,-5.5963206,-5.856321,-9.506321,-8.296321,-7.8463206,-7.0163207,-5.456321,-5.4963207,-4.106321,-2.6263208
2.3036792,3.0136793,4.2736793,5.533679,5.933679,7.263679,7.9236794,9.053679,9.18368,9.563679,9.753679,9.783679,9.97368,9.793679,8.743679,6.933679,6.2736793,7.413679,5.993679,3.4036791,3.6136792,1.9636792,-1.2563208,-4.066321,-4.5363207,-5.0363207,-4.6563206,-3.9863207,-4.686321,-4.8863206,-4.506321,-4.2663207,-5.0763206,-5.146321,-4.8263206,-4.046321,-3.8963208,-3.8863208,-3.8963208,-6.1163206,-6.046321,-5.426321,-5.776321,-4.646321,-3.3763208,-4.526321,-5.356321,-5.026321,-5.586321,-5.5563207,-6.506321,-6.3663206,-8.676321,-9.446321,-8.206321,-7.336321,-6.5963206,-5.436321,-4.466321,-3.076321
1.5036792,3.453679,4.9036794,5.6336794,6.513679,7.6336794,8.803679,9.413679,9.713679,9.983679,10.873679,10.593679,10.913679,11.313679,10.863679,9.89368,7.4636793,6.8436794,4.4836793,4.293679,4.573679,3.2336793,-0.4763208,-0.3263208,-5.316321,-6.376321,-6.526321,-5.9763207,-5.446321,-5.7463207,-5.426321,-5.166321,-4.5363207,-4.646321,-4.696321,-4.606321,-3.7663207,-3.7463207,-3.5363207,-5.0563207,-7.336321,-6.546321,-6.646321,-6.196321,-3.9763207,-4.5763206,-6.106321,-7.8663206,-7.796321,-7.396321,-7.106321,-8.2363205,-7.066321,-8.366321,-9.346321,-8.536321,-7.6363206,-6.436321,-4.676321,-3.4163208
2.1136792,2.8236792,4.4636793,6.3436794,7.583679,8.783679,9.203679,9.553679,11.073679,12.173679,12.833679,12.583679,12.553679,12.503679,11.363679,9.233679,8.093679,6.973679,5.143679,4.183679,3.0536792,1.0236793,0.7336792,1.5036792,-0.6363208,-5.5363207,-6.566321,-6.7463207,-6.566321,-6.466321,-5.716321,-5.4763207,-5.5363207,-5.896321,-4.676321,-4.396321,-4.7863207,-3.826321,-3.6263208,-2.7063208,-4.186321,-2.2863207,-1.8063208,-4.0563207,-3.4463208,-2.556321,-4.5363207,-6.566321,-12.256321,-10.556321,-9.306321,-9.27632,-8.466321,-8.826321,-8.52632,-8.85632,-8.036321,-6.7863207,-5.276321,-4.066321
1.8236792,3.5536792,5.4636793,7.183679,8.573679,9.203679,10.203679,11.60368,12.413679,13.083679,13.64368,14.093679,14.5136795,13.843679,12.093679,12.903679,11.373679,8.773679,6.163679,3.9836793,1.0636792,-0.6663208,0.013679199,-0.2063208,0.4836792,-2.576321,-5.566321,-7.8463206,-6.4763207,-6.356321,-5.666321,-5.646321,-5.026321,-4.946321,-5.0763206,-4.646321,-4.186321,-3.7763207,-4.006321,-5.816321,-3.8963208,-2.9363208,-2.7563207,-2.296321,-2.0263207,-1.9263208,-4.526321,-8.10632,-12.366321,-12.056321,-10.906321,-10.116321,-9.136321,-9.466321,-8.426321,-8.976321,-8.436321,-6.8263206,-4.916321,-4.756321
1.5236793,4.143679,5.8836794,7.373679,8.313679,9.783679,11.413679,12.43368,13.283679,14.39368,14.943679,15.633679,16.11368,15.843679,14.923679,13.733679,11.773679,7.873679,4.353679,2.9636793,-0.5863208,-1.9563208,-3.6263208,-2.5363207,-1.9863209,-2.4163208,-3.1363208,-7.7663207,-7.086321,-7.436321,-6.186321,-5.216321,-4.586321,-4.546321,-4.196321,-3.796321,-2.8963208,-2.2563207,-3.2263207,-6.0563207,-2.7163208,-2.576321,-1.5963207,-4.526321,-3.826321,-3.6863208,-6.186321,-9.306321,-10.096321,-9.886321,-10.936321,-10.506321,-9.27632,-8.726321,-9.936321,-8.81632,-8.076321,-6.6563206,-4.666321,-4.276321
1.1536793,3.8036792,6.053679,7.4636793,9.063679,10.22368,11.813679,12.983679,14.133679,15.10368,16.20368,16.963678,18.11368,18.34368,17.52368,15.663679,14.373679,11.743679,1.1136792,1.4736792,-4.126321,-3.6263208,-4.486321,-4.716321,-2.9063208,-2.826321,-3.6863208,-2.3863208,-7.196321,-6.176321,-6.086321,-5.3663206,-5.3863206,-5.236321,-4.4063206,-4.106321,-3.4063208,-1.4063208,-5.3063207,-3.056321,-2.7363207,-0.4863208,-2.2563207,-6.7463207,-7.046321,-7.936321,-7.9763207,-7.686321,-7.956321,-9.406321,-10.27632,-10.036321,-9.126321,-8.77632,-9.176321,-9.35632,-7.2663207,-4.9963207,-3.3963208,-5.7863207
2.1336792,4.7136793,5.913679,7.953679,9.333679,10.493679,12.073679,13.35368,14.7636795,16.053679,16.92368,18.00368,19.25368,20.723679,21.17368,21.08368,9.773679,8.713679,3.9836793,0.1336792,-1.5863208,-3.6163208,-7.2863207,-4.7863207,-0.4163208,-4.146321,-3.296321,-6.0363207,-6.8863206,-5.936321,-4.956321,-3.9763207,-4.3463206,-4.8263206,-5.486321,-4.146321,-2.3563209,-5.7463207,-3.7263207,-1.3463207,-0.0863208,-0.7763208,-4.1163206,-7.3263206,-7.526321,-7.4063206,-10.156321,-9.546321,-9.196321,-9.686321,-9.886321,-9.256321,-8.706321,-9.706321,-9.636321,-7.8863206,-5.4763207,-4.8263206,-7.7663207,-13.836321
2.8136792,4.513679,5.543679,7.603679,9.003679,10.333679,11.823679,13.613679,15.173679,16.573679,17.84368,19.08368,20.45368,22.713678,23.223679,21.323679,11.43368,8.663679,10.64368,-1.4963208,-3.5263207,-5.446321,-3.326321,-0.9663208,-5.3663206,-5.876321,-4.4963207,-4.106321,-4.966321,-4.0363207,-3.6963208,-2.556321,-2.806321,-5.926321,-6.0963206,-3.9063208,-6.3463206,-3.8763208,-0.5263208,-0.8863208,1.4736792,0.1636792,-4.0563207,-6.796321,-7.436321,-7.606321,-8.246321,-11.52632,-10.476321,-9.716321,-9.086321,-8.926321,-9.686321,-8.576321,-7.276321,-6.006321,-5.626321,-10.166321,-14.77632,-14.766321
2.6036792,3.8636792,5.163679,6.8836794,8.413679,9.953679,11.93368,13.713679,15.283679,16.83368,18.26368,19.68368,21.36368,23.393679,25.073679,21.19368,9.943679,7.4636793,4.8436794,2.0736792,0.4336792,1.0236793,-0.3663208,-2.7263207,-5.356321,-4.776321,-4.526321,-2.9963207,-2.076321,-1.3063208,-3.5863209,-2.2663207,-1.9263208,-4.7463207,-5.8463206,-7.396321,-6.086321,-1.8163208,-3.6663208,-2.326321,2.5636792,4.7536793,-0.3763208,-0.1463208,-3.4363208,-7.916321,-8.31632,-9.52632,-9.2363205,-8.916321,-8.936321,-8.89632,-8.196321,-7.2263207,-6.456321,-6.816321,-12.386321,-14.706321,-14.866321,-14.536321
1.8536792,2.8336792,4.953679,6.663679,8.373679,10.213679,11.673679,13.413679,14.953679,16.483679,17.803679,19.053679,20.52368,22.25368,24.19368,26.43368,9.813679,7.563679,6.053679,2.703679,2.8136792,2.683679,1.1136792,-1.1163208,-2.2163208,-2.4663208,-2.7663207,-3.316321,-2.9463208,-2.1963208,-3.2563207,-2.8463209,-1.1763208,-6.876321,-8.096321,-7.856321,-4.946321,-7.086321,-4.026321,-2.1663208,-2.6463208,-3.326321,-0.8463208,2.5336792,-0.8363208,-3.796321,-4.966321,-4.926321,-5.0763206,-5.5363207,-6.8863206,-7.526321,-8.336321,-8.296321,-10.886321,-12.996321,-15.376321,-15.016321,-15.506321,-15.476321
1.4036793,2.2936792,4.6536794,6.913679,8.523679,10.163679,11.443679,12.733679,14.123679,15.783679,16.99368,17.66368,18.633678,19.883678,21.463678,22.053679,21.77368,18.03368,11.923679,9.72368,6.953679,6.6736794,5.913679,5.393679,4.4836793,3.8736792,3.6236792,0.3236792,-2.5363207,-4.5963206,-4.4963207,-3.3663208,-2.9363208,-10.226321,-7.8863206,-6.2663207,-7.396321,-6.7663207,-5.956321,-4.256321,-2.5163207,-1.1763208,-0.7563208,1.4636792,0.9636792,0.0436792,-1.1063209,-0.8063208,-1.0163208,-1.9963208,-7.316321,-10.666321,-11.916321,-13.786321,-13.876321,-15.156321,-15.436321,-15.9863205,-15.216321,-15.296321
1.5636792,2.0036793,4.043679,6.103679,8.35368,9.833679,11.10368,11.913679,13.033679,14.803679,15.823679,16.063679,16.59368,17.42368,17.963678,18.543678,18.03368,17.153679,14.413679,12.463679,11.133679,9.633679,8.873679,8.173679,8.093679,8.003679,6.373679,6.063679,0.8636792,-3.7863207,-5.206321,-4.896321,-10.426321,-9.85632,-7.146321,-5.646321,-6.086321,-7.736321,-6.9763207,-4.2863207,-2.9663208,-1.4763207,-0.2963208,-0.5463208,-0.5363208,-0.3463208,-1.0063208,2.0936792,2.7736793,-3.796321,-8.696321,-9.836321,-12.796321,-13.286321,-13.656321,-14.666321,-15.996321,-15.166321,-15.866321,-14.626321
1.1536793,1.5636792,3.673679,5.9636793,7.6936793,9.313679,10.60368,11.22368,11.953679,13.623679,14.963679,15.023679,14.43368,14.7636795,15.463679,15.823679,15.47368,15.453679,14.72368,13.7636795,12.783679,12.0136795,11.373679,10.72368,10.293679,9.953679,8.923679,8.253679,-2.4563208,-5.646321,-6.4063206,-9.446321,-10.136321,-8.52632,-7.466321,-5.7663207,-6.4763207,-6.236321,-5.706321,-4.3863206,-3.816321,-2.1463208,-0.5863208,-0.2563208,-0.5363208,1.5636792,3.183679,4.643679,4.873679,-4.6163206,-6.376321,-9.206321,-11.906321,-13.226321,-14.466321,-15.406321,-15.14632,-15.386321,-15.176321,-14.966321
0.4936792,1.2836792,2.173679,4.433679,6.7336793,9.053679,9.953679,10.5136795,10.923679,12.463679,13.633679,14.043679,13.253679,12.623679,12.85368,13.333679,13.593679,13.333679,13.47368,13.35368,12.7636795,12.383679,12.283679,12.203679,12.093679,12.313679,12.813679,11.843679,-3.3963208,-6.5163207,-8.866321,-10.256321,-9.796321,-8.386321,-7.0963206,-6.026321,-5.856321,-4.926321,-4.046321,-2.6663208,-2.7863207,-2.4463208,-0.9463208,-0.8563208,0.0336792,1.9236792,4.393679,5.823679,5.323679,-4.006321,-5.466321,-6.9963207,-10.536321,-12.036321,-13.536321,-14.836321,-14.926321,-15.116321,-15.046321,-14.516321
0.5436792,1.3136792,2.5936792,3.423679,5.1336794,7.9036794,8.703679,9.383679,10.373679,11.47368,12.2636795,12.553679,12.14368,11.2636795,11.023679,11.253679,11.463679,11.633679,11.733679,11.953679,12.10368,12.283679,12.47368,12.833679,12.813679,13.253679,13.233679,13.423679,7.913679,-8.586321,-11.296321,-11.056321,-9.746321,-9.27632,-8.296321,-7.446321,-7.176321,-6.086321,-4.916321,-3.0963209,-2.2063208,-3.3763208,-2.1563208,-1.3763208,-0.3563208,0.8136792,2.5436792,4.3436794,6.433679,-2.7163208,-5.736321,-6.436321,-8.806321,-10.85632,-12.4863205,-13.096321,-13.746321,-13.85632,-14.06632,-12.836321
0.9136792,1.8836792,1.9136792,1.1936792,3.8036792,6.103679,6.8836794,8.303679,9.373679,10.863679,11.443679,10.803679,10.563679,10.193679,10.0136795,9.913679,10.463679,10.273679,10.443679,10.793679,10.72368,11.253679,11.943679,12.273679,12.713679,12.97368,12.883679,12.823679,13.883679,-2.6663208,-8.456321,-10.306321,-9.786321,-9.466321,-9.726321,-9.02632,-8.436321,-7.8463206,-6.9063206,-6.276321,-5.0163207,-4.1563206,-3.9863207,-2.8463209,-1.5163208,0.0936792,1.2036792,2.7536793,3.9836793,1.6636792,-5.0763206,-7.376321,-9.366321,-10.746321,-11.926321,-12.576321,-13.536321,-13.476321,-13.376321,-12.326321
0.8136792,0.9436792,1.4836792,1.0736792,3.6336792,3.5636792,4.7536793,6.373679,8.083679,10.053679,9.89368,9.64368,9.613679,9.47368,8.863679,9.503679,9.553679,9.533679,9.173679,9.313679,9.453679,9.733679,10.47368,11.413679,11.72368,12.153679,11.153679,10.743679,9.783679,11.383679,-5.8863206,-7.066321,-7.776321,-9.406321,-10.136321,-9.516321,-8.766321,-8.456321,-8.046321,-7.4063206,-6.586321,-5.7663207,-5.8263206,-5.4963207,-3.8663208,-2.0063207,-0.7963208,0.4636792,1.3836792,1.7036792,-1.1563208,-6.8063207,-9.916321,-11.466321,-12.10632,-12.926321,-13.446321,-13.786321,-13.296321,-12.956321
0.3936792,0.5536792,1.6436791,1.8236792,1.9036793,2.3836792,3.6036792,4.7136793,6.0036793,8.243679,9.10368,8.7636795,8.703679,7.793679,8.5136795,8.93368,8.923679,8.703679,8.673679,8.493679,8.623679,9.193679,9.493679,10.173679,9.97368,9.783679,9.613679,9.783679,10.633679,8.18368,9.413679,-9.546321,-9.806321,-9.706321,-8.9863205,-8.466321,-7.756321,-7.9063206,-7.816321,-7.3863206,-7.436321,-6.5563207,-4.336321,-8.14632,-6.606321,-3.806321,-2.0263207,-1.4963208,-0.7363208,-0.2563208,-0.8263208,-3.4363208,-8.496321,-11.06632,-12.39632,-13.096321,-13.64632,-14.826321,-14.306321,-14.086321
0.6936792,1.1236792,1.8036792,1.5836792,1.6336792,1.5936792,2.8736792,3.5336792,3.6236792,5.333679,6.603679,6.913679,6.853679,7.933679,7.9236794,7.873679,8.453679,7.6136794,6.9036794,6.7536793,7.893679,8.063679,8.863679,8.593679,8.243679,8.553679,9.273679,10.713679,10.39368,9.793679,7.563679,-8.126321,-12.126321,-10.926321,-10.116321,-9.936321,-8.596321,-9.4863205,-9.39632,-7.686321,-7.3263206,-6.486321,-3.8863208,-8.076321,-8.246321,-5.956321,-4.546321,-2.9163208,-1.6663208,-1.4063208,-1.2163208,-1.8363208,-5.1363206,-9.176321,-11.196321,-13.466321,-14.306321,-15.246321,-15.846321,-14.326321
0.6536792,1.3336792,1.9636792,2.2836792,1.9036793,1.6536793,1.4536792,2.3036792,2.8036792,3.0536792,3.1536791,3.8636792,4.853679,5.3636794,5.3636794,6.7336793,6.833679,6.073679,5.913679,5.1536794,3.0536792,4.4236794,5.163679,5.9236794,6.263679,6.7136793,7.543679,8.2636795,9.003679,9.39368,9.543679,7.1536794,-9.9863205,-10.246321,-9.226321,-8.596321,-8.496321,-7.7263207,-7.5163207,-7.466321,-8.056321,-8.096321,-6.9963207,-6.146321,-5.686321,-5.7463207,-6.646321,-5.5363207,-3.806321,-3.1963208,-2.7863207,-2.0863209,-1.9963208,-3.5363207,-9.56632,-11.286321,-12.876321,-14.076321,-14.676321,-15.85632
-1.0663208,-0.8863208,-0.2563208,-0.0063208006,0.4036792,0.6336792,0.8636792,1.2436792,1.4536792,1.9436792,2.3636792,2.1336792,2.3636792,2.5536792,2.173679,1.4736792,1.9436792,3.3336792,3.0136793,1.7836792,1.7236792,2.4736793,2.4736793,2.7236793,3.693679,3.433679,4.353679,4.893679,5.493679,5.7536793,6.893679,6.8436794,-7.566321,-9.976321,-10.366321,-9.286321,-8.826321,-8.56632,-8.196321,-7.3863206,-6.456321,-5.066321,-4.2263207,-4.1163206,-4.8863206,-5.2463207,-5.166321,-4.8863206,-4.526321,-3.4863207,-2.8663208,-2.296321,-1.9863209,-1.6063209,-2.566321,-4.626321,-10.56632,-11.7363205,-13.866321,-14.346321
