data/wind_data.json
{"header": {"productDefinitionTemplate": 0, "surface1Type": 103, "scanMode": 0, "genProcessType": 2, "winds": "true", "productStatus": 0, "disciplineName": "Meteorological products", "parameterUnit": "m.s-1", "significanceOfRT": 1, "productDefinitionTemplateName": "Analysis/forecast at horizontal level/layer at a point in time", "centerName": "US National Weather Service - NCEP(WMC)", "la1": 90.0, "la2": -90.0, "discipline": 0, "lo2": 359.0, "subcenter": 0, "surface2Value": 0.0, "significanceOfRTName": "Start of forecast", "surface1Value": 10.0, "parameterNumberName": "U-component_of_wind", "shapeName": "Earth spherical with radius of 6,371,229.0 m", "surface2Type": 255, "genProcessTypeName": "Forecast", "surface1TypeName": "Specified height level above ground", "nx": 360, "ny": 181, "productTypeName": "Forecast products", "basicAngle": 0, "gridDefinitionTemplate": 0, "gridDefinitionTemplateName": "Latitude_Longitude", "parameterNumber": 2, "dx": 1.0, "dy": 1.0, "gridUnits": "degrees", "parameterCategoryName": "Momentum", "parameterCategory": 2, "numberPoints": 65160, "center": 7, "productStatusName": "Operational products", "gribEdition": 2, "shape": 6, "forecastTime": 6, "surface2TypeName": "Missing", "refTime": "2019-09-02T06:00:00.000Z", "productType": 1, "lo1": 0.0, "resolution": 48, "gribLength": 79396}, "data":
[rows 26 to 51 of 181, columns 174 to 231 of 360]
2.3901489,2.240149,2.1501489,0.40014893,3.110149,2.240149,-0.8298511,-3.369851,-5.269851,-4.6698513,-4.1698513,-3.899851,-1.709851,-5.719851,-3.669851,-4.429851,-6.549851,-7.159851,-7.549851,-8.069851,-8.549851,-9.479851,-10.199851,-10.749851,-11.409851,-10.099851,-6.219851,-3.8498511,-5.129851,-3.159851,-1.069851,-1.069851,-1.4198511,-0.019851074,-1.339851,0.00014892578,-0.60985106,-3.149851,1.050149,1.910149,-3.749851,-2.8398511,-1.7498511,-0.49985108,0.050148927,0.020148925,-1.4198511,-0.8398511,-1.1398511,-1.699851,-0.5998511,-1.699851,-0.7198511,-1.819851,-1.0498511,-0.6398511,0.19014892,-0.9098511
1.2401489,2.4601488,0.64014894,1.680149,1.6201489,1.4701489,3.010149,0.45014894,-1.199851,-1.689851,-2.229851,-3.639851,-5.159851,-4.509851,-2.519851,-3.5898511,-3.219851,-5.579851,-6.049851,-6.629851,-6.6698513,-6.649851,-5.119851,-9.209851,-8.399851,-5.4798512,-3.959851,-5.869851,-6.609851,-4.529851,-1.189851,-0.35985106,-3.449851,-4.399851,-3.949851,-0.19985108,0.56014895,-1.5198511,-1.2798511,-1.8898511,-0.8898511,-0.38985106,1.0001489,1.560149,-2.029851,-0.9498511,-0.43985108,-0.7098511,-0.78985107,-1.089851,-1.959851,-1.1398511,-1.7798511,-0.92985106,-0.5098511,-0.72985107,-1.319851,0.17014892
1.690149,2.510149,5.870149,6.210149,6.240149,7.360149,3.750149,3.570149,2.6801488,2.2001488,1.8401489,1.820149,2.290149,0.010148926,-1.7498511,-2.389851,-3.029851,-4.259851,-3.249851,-4.759851,-5.349851,-4.329851,-6.539851,-7.039851,-3.7898512,-4.4198513,-6.179851,-5.369851,-4.739851,-5.769851,-3.2998512,-0.27985108,-2.2998512,-2.149851,-4.529851,-1.3998511,-0.40985107,-2.139851,-0.60985106,0.17014892,-0.9498511,-2.239851,0.17014892,0.49014893,0.77014893,1.3701489,-0.39985108,-0.16985108,-1.1198511,0.41014892,-0.6398511,-1.2798511,-0.20985107,0.5401489,-0.60985106,-0.5298511,-1.1298511,-0.5698511
-0.66985106,3.830149,3.770149,5.0401487,5.950149,5.630149,5.870149,6.2701488,6.380149,6.3301487,6.050149,5.390149,4.590149,4.2701488,2.510149,2.070149,2.4201488,1.1001489,-2.679851,-4.409851,-5.289851,-5.6698513,-5.049851,-5.4598513,-5.699851,-5.049851,-4.929851,-9.979851,-5.079851,-3.999851,-6.249851,-5.949851,-2.409851,-2.6098511,-0.5698511,-1.5198511,-5.779851,-3.8498511,-2.189851,-0.5698511,-0.42985108,-2.0498512,0.11014893,-0.14985107,-2.649851,-2.129851,3.310149,2.020149,-1.819851,1.1101489,1.160149,-1.0298511,-1.1698511,0.34014893,-0.7098511,-0.28985107,0.30014893,-1.3798511
-2.189851,-2.959851,-2.3198512,-0.23985107,1.9001489,3.7101488,5.690149,6.620149,8.620149,9.690149,10.590149,10.350149,9.950149,9.500149,9.700149,7.7901487,7.2701488,7.5601487,8.7801485,3.9501488,2.9101489,4.410149,-1.189851,0.7201489,-1.7398511,-3.699851,-3.259851,-2.989851,-3.909851,-4.569851,-9.669851,-6.899851,-3.5898511,-2.5698512,-5.679851,-1.8898511,-4.869851,-1.819851,0.5901489,0.49014893,-5.339851,-15.259851,-13.669851,-13.749851,-9.279851,-4.869851,-1.3698511,1.1201489,1.910149,0.7301489,0.8701489,2.050149,0.31014892,0.9001489,-0.25985107,0.77014893,1.550149,0.07014892
4.220149,5.100149,6.220149,7.200149,8.300149,5.100149,6.0601487,7.930149,9.440149,10.360149,11.350149,12.920149,13.340149,13.2801485,12.450149,11.690149,11.020149,10.130149,10.500149,10.410149,11.700149,12.2801485,9.640149,7.200149,3.790149,-0.29985106,0.71014893,1.3601489,0.6101489,-1.6598511,-2.679851,-2.5898511,-1.8698511,-4.4198513,-5.129851,-2.989851,-0.7698511,-0.16985108,0.35014892,-0.44985107,1.0201489,1.7101489,-4.559851,-10.559851,-10.819851,-10.289851,-11.519851,-8.599851,-2.7998512,-3.0598512,-0.74985105,-1.0198511,3.490149,-0.079851076,0.4801489,-0.059851073,0.57014894,1.3601489
6.500149,5.920149,6.340149,7.0201488,8.040149,8.900149,9.180149,8.960149,7.600149,9.570148,11.560149,12.250149,12.890149,13.930149,13.970149,14.230149,14.080149,14.310149,13.700149,12.410149,10.340149,10.620149,9.480149,8.440149,6.7701488,4.990149,3.770149,1.070149,-1.1398511,-1.8598511,-6.049851,-0.6298511,-3.199851,-1.6198511,0.090148926,1.4901489,1.5801489,1.3501489,3.2001488,2.9201488,3.9201488,3.6801488,3.4301488,4.5801487,2.010149,-2.019851,-6.549851,-7.069851,-5.339851,-4.969851,0.020148925,0.41014892,-1.9898511,0.13014893,2.9101489,0.6701489,-0.6398511,0.8601489
8.150149,8.540149,9.720149,10.040149,7.230149,7.840149,8.210149,10.010149,10.490149,10.870149,10.490149,10.840149,12.550149,14.070148,14.570148,14.420149,14.590149,14.920149,14.650149,14.230149,13.300149,11.330149,10.510149,10.970149,8.950149,9.120149,4.090149,-0.31985107,-2.149851,-0.36985108,5.840149,2.610149,0.64014894,4.730149,4.380149,4.0601487,4.070149,4.510149,3.860149,4.010149,5.190149,5.250149,5.620149,4.0201488,5.720149,6.880149,4.880149,-0.21985108,-3.419851,-2.5898511,-1.8598511,2.080149,-1.7898511,-0.8798511,2.4301488,2.570149,0.45014894,1.1401489
6.470149,5.5601487,6.230149,8.070148,7.400149,6.640149,7.250149,8.200149,8.910149,10.240149,10.840149,12.060149,11.930149,12.140149,13.560149,14.020149,14.390149,15.180149,16.220148,16.970148,16.96015,15.820148,13.860149,13.5301485,12.900149,8.520149,-0.40985107,2.080149,7.050149,5.240149,5.320149,5.090149,5.570149,6.150149,6.240149,5.610149,5.420149,5.530149,5.380149,5.550149,6.0401487,6.130149,6.5601487,6.210149,7.510149,7.000149,6.460149,4.200149,1.1201489,2.830149,1.6001489,1.410149,0.6101489,0.6801489,-0.8898511,-0.23985107,0.5901489,-0.42985108
6.230149,5.990149,5.470149,5.410149,6.400149,7.070149,7.940149,8.610149,9.330149,10.070148,10.880149,11.010149,11.130149,11.730149,12.800149,12.840149,13.210149,13.900149,14.560149,15.660149,16.220148,15.330149,13.200149,11.860149,8.410149,10.670149,10.860149,10.120149,8.270149,7.3101487,6.930149,7.320149,8.000149,8.120149,7.7901487,6.5201488,5.900149,6.010149,6.570149,5.690149,5.760149,6.0601487,6.3101487,6.260149,6.630149,7.010149,6.410149,4.930149,3.500149,4.0801487,3.2101488,2.500149,2.4401488,0.8001489,0.33014894,-1.189851,-0.119851075,0.6501489
5.880149,5.880149,5.850149,7.0801487,7.670149,8.080149,8.380149,8.7801485,9.190149,9.760149,10.180149,11.200149,12.270149,12.490149,12.660149,12.510149,12.820148,12.700149,13.180149,13.200149,13.380149,14.740149,16.21015,16.220148,15.610149,15.510149,13.890149,12.520149,10.400149,9.000149,8.490149,8.7801485,8.410149,7.390149,7.0401487,6.620149,6.680149,6.5201488,6.140149,5.700149,5.140149,4.750149,4.100149,6.190149,6.240149,6.260149,4.760149,4.850149,4.070149,4.030149,3.6701488,4.380149,3.4601488,0.88014895,1.670149,2.1401489,0.010148926,0.5401489
4.900149,4.690149,5.090149,5.140149,5.820149,6.850149,7.430149,7.8301487,8.230149,8.910149,9.820148,10.510149,10.740149,11.520149,11.600149,12.390149,12.910149,11.150149,8.190149,10.130149,12.560149,13.360149,13.690149,13.450149,13.520149,13.540149,13.400149,12.210149,11.510149,9.890149,9.230149,9.090149,7.860149,7.730149,6.820149,7.200149,6.870149,6.150149,5.5801487,5.130149,4.3301487,4.250149,4.910149,4.950149,5.2901487,3.620149,5.250149,4.050149,4.190149,4.230149,3.530149,4.340149,3.130149,1.8401489,1.0101489,-1.0198511,1.050149,-1.0498511
6.470149,5.700149,5.450149,7.0401487,7.210149,6.740149,4.850149,7.140149,8.270149,5.480149,3.620149,8.800149,7.650149,10.010149,11.060149,11.290149,11.210149,12.140149,12.600149,13.320148,13.350149,13.140149,13.200149,13.350149,13.160149,12.940149,13.860149,12.810149,10.880149,9.710149,9.690149,9.050149,7.780149,7.400149,5.850149,6.0401487,6.220149,5.710149,5.470149,4.950149,5.200149,4.630149,4.070149,3.9601488,3.330149,3.520149,4.260149,3.600149,3.980149,3.750149,3.500149,2.880149,3.550149,2.880149,3.330149,1.300149,-0.72985107,0.9901489
7.480149,7.180149,7.280149,7.190149,8.250149,8.550149,8.510149,7.900149,8.830149,9.060149,9.510149,9.390149,10.410149,10.970149,10.830149,10.750149,9.840149,10.590149,11.050149,11.450149,12.070148,12.650149,12.5301485,12.120149,12.400149,12.250149,12.110149,11.700149,11.020149,10.110149,10.090149,8.630149,8.450149,7.440149,6.990149,6.440149,6.240149,5.340149,4.7701488,4.5201488,4.990149,4.280149,4.420149,3.870149,3.380149,3.340149,3.1501489,3.260149,3.610149,3.1601489,2.2001488,1.6301489,1.3301489,1.5201489,2.630149,2.340149,2.1701488,1.2001489
6.940149,7.380149,7.230149,7.350149,7.3301487,7.210149,6.930149,7.3301487,8.070148,8.420149,8.210149,9.210149,10.250149,9.500149,9.710149,10.110149,10.700149,10.310149,10.580149,10.830149,11.590149,11.360149,11.460149,11.260149,11.010149,11.150149,10.870149,10.7801485,10.820148,10.300149,9.100149,8.890149,8.480149,7.130149,6.910149,6.210149,6.5401487,5.0601487,4.5801487,4.230149,3.490149,3.9001489,4.870149,3.810149,2.570149,2.820149,2.790149,3.380149,2.130149,1.3601489,-0.16985108,-0.13985108,0.57014894,1.1101489,1.920149,1.560149,0.7401489,0.010148926
4.590149,4.7701488,4.990149,4.7901487,5.140149,5.530149,5.490149,6.130149,7.430149,7.710149,8.290149,9.140149,9.410149,8.850149,8.920149,9.880149,9.510149,9.020149,9.580149,9.490149,10.550149,10.620149,10.720149,10.060149,10.210149,9.810149,9.550149,10.510149,10.560149,9.550149,9.220149,9.130149,7.340149,6.630149,6.210149,6.070149,5.890149,5.490149,4.800149,3.110149,3.030149,3.9201488,4.340149,1.930149,1.690149,3.080149,2.4401488,2.620149,0.6101489,0.18014893,-0.20985107,0.14014892,0.57014894,-1.1398511,0.040148925,-0.7698511,-1.5098511,-1.4798511
2.2101488,2.880149,3.6501489,3.480149,3.840149,3.850149,4.340149,4.850149,6.120149,6.320149,7.640149,7.800149,8.040149,7.680149,7.670149,8.070148,8.830149,8.920149,9.270149,9.230149,9.620149,9.190149,9.380149,8.810149,8.390149,8.540149,9.110149,9.420149,8.970149,8.740149,8.410149,7.350149,5.920149,6.070149,5.7901487,5.3101487,5.200149,4.940149,5.0601487,2.250149,3.820149,3.360149,3.4501488,1.160149,2.100149,2.750149,1.660149,1.4001489,-0.13985108,-0.41985106,-0.2698511,0.34014893,-1.6698511,-3.199851,-2.139851,-2.229851,-2.3198512,-1.8998511
1.300149,1.2201489,1.780149,2.280149,3.240149,3.4101489,3.220149,3.630149,4.970149,5.370149,6.210149,6.380149,6.200149,6.170149,7.120149,7.530149,7.630149,7.690149,7.8301487,7.870149,8.520149,7.990149,7.650149,7.430149,7.630149,7.910149,8.310149,8.250149,8.190149,7.620149,6.960149,5.120149,5.380149,5.050149,4.5801487,4.470149,4.170149,4.410149,4.650149,2.840149,3.6601489,3.870149,2.4001489,1.570149,2.370149,2.570149,1.2701489,1.4701489,-0.7198511,-0.36985108,-0.5298511,-0.37985107,-1.449851,-3.159851,-2.3298512,-1.8898511,-2.429851,-0.089851074
0.44014892,0.9001489,1.2201489,1.4701489,1.930149,3.100149,1.930149,2.4301488,3.610149,2.610149,3.9601488,4.390149,4.910149,5.170149,4.880149,5.800149,5.340149,6.210149,6.720149,6.410149,6.490149,6.890149,6.840149,7.180149,7.130149,6.950149,6.5401487,6.5201488,6.510149,6.250149,4.8101487,3.9401488,3.380149,3.780149,2.570149,2.7101488,4.7901487,4.710149,3.4401488,3.4001489,3.490149,4.030149,2.320149,1.790149,2.550149,2.790149,0.70014894,0.35014892,-0.7798511,-0.5898511,-1.969851,-1.2498511,1.440149,0.010148926,-0.24985108,-0.32985106,-0.34985107,0.14014892
-1.459851,1.190149,1.8601489,1.8801489,1.1301489,1.5201489,1.7501489,1.2601489,1.6001489,3.2101488,2.480149,2.780149,2.840149,2.6701488,3.8901489,4.380149,4.2901487,4.720149,5.210149,5.490149,5.130149,4.920149,5.440149,5.5401487,5.2901487,5.260149,5.5601487,4.780149,4.530149,4.230149,3.320149,1.4601489,0.13014893,0.4801489,1.670149,4.470149,4.420149,4.340149,4.010149,2.560149,4.030149,3.010149,1.940149,2.9001489,2.750149,0.10014892,0.7901489,0.45014894,-0.6398511,-1.2398511,-2.1098511,-1.6498511,-1.4898511,1.0801489,2.1801488,2.6501489,1.440149,0.34014893
-1.329851,0.34014893,1.5001489,0.63014895,2.490149,1.530149,-0.25985107,-0.8498511,1.3501489,1.9701489,1.570149,1.8701489,2.270149,1.9001489,2.270149,3.2001488,3.010149,4.230149,4.190149,4.220149,4.030149,4.110149,4.110149,4.340149,4.340149,4.470149,3.9601488,2.2001488,2.4201488,1.780149,-0.41985106,-1.1198511,2.550149,3.9401488,4.650149,4.190149,3.760149,4.250149,3.850149,3.4601488,3.040149,2.6901488,0.81014895,2.810149,0.57014894,-0.60985106,0.7301489,0.050148927,0.35014892,-1.469851,-1.699851,-1.179851,-1.429851,-1.5498511,-1.1498511,-0.67985106,0.010148926,-0.079851076
-1.579851,0.7201489,-1.079851,0.090148926,0.8601489,0.16014892,-0.31985107,-0.92985106,-0.8198511,-1.089851,-0.14985107,0.24014893,0.39014894,0.81014895,1.6201489,1.310149,2.1701488,2.1901488,3.060149,3.040149,2.590149,3.260149,3.000149,2.4601488,3.310149,2.080149,2.050149,0.89014894,-0.46985108,0.020148925,-0.35985106,4.430149,4.5201488,4.620149,4.5401487,3.610149,3.970149,3.6601489,4.230149,2.600149,3.000149,0.7901489,1.4001489,1.920149,-0.93985105,-0.039851073,0.82014894,-0.60985106,-1.6598511,-2.249851,-2.919851,-2.959851,-3.139851,-2.8398511,-2.739851,-1.969851,-0.5298511,1.300149
-2.3298512,-1.9098511,-0.33985108,0.22014892,0.010148926,-0.40985107,-1.2998511,-1.429851,-2.009851,-1.0098511,-0.9598511,-0.119851075,0.2601489,0.07014892,-0.7798511,0.40014893,0.45014894,0.89014894,1.2601489,1.7101489,1.2601489,1.800149,0.5401489,1.2701489,0.20014893,-0.8298511,-1.0498511,-1.5198511,-1.7898511,-1.449851,4.8101487,4.3301487,4.000149,3.810149,3.7001488,3.4401488,3.560149,3.4501488,1.7601489,1.420149,1.3601489,0.95014894,-0.12985107,0.44014892,-1.679851,0.7301489,1.410149,-0.7798511,-1.319851,-3.919851,-2.979851,-1.829851,-0.67985106,-2.369851,-1.8598511,-1.809851,-1.3998511,0.27014893
-1.429851,-2.3198512,-1.8798511,-1.4998511,-1.1098511,-2.0798512,-1.4798511,-2.969851,-3.369851,-1.7798511,-3.5698512,-3.1098511,-1.8698511,-2.759851,-2.209851,-2.259851,-1.2898511,-0.9698511,-0.7098511,-0.5098511,-0.5298511,-0.2698511,-1.5498511,-2.0398512,-2.679851,-2.399851,-3.889851,-2.189851,2.600149,5.100149,3.830149,3.610149,3.500149,4.570149,3.000149,2.520149,2.9301488,2.4601488,2.020149,1.3301489,1.7101489,-1.2798511,0.24014893,-0.39985108,-1.429851,-0.39985108,-0.27985108,-0.4598511,0.58014894,1.410149,1.190149,-0.60985106,-0.34985107,-1.689851,-2.629851,-1.8998511,-1.329851,-1.3798511
-3.0798512,-3.519851,-2.649851,-1.339851,-1.9198511,-1.6198511,-3.959851,-4.6698513,-3.6098511,-3.3298512,-2.2998512,-2.659851,-2.269851,-2.159851,-1.1298511,-1.709851,-0.98985106,-2.0598512,-2.249851,-1.9798511,-2.5398512,-3.259851,-4.469851,-4.249851,-4.639851,-4.299851,-3.8098512,2.560149,4.180149,4.300149,3.100149,2.560149,4.110149,3.4201488,2.730149,1.6101489,1.9801489,0.64014894,0.46014893,0.83014894,0.31014892,-1.3898511,-3.189851,-2.0798512,-2.0398512,-0.99985105,-0.49985108,-0.25985107,-0.39985108,-0.19985108,1.7701489,0.58014894,0.41014892,0.75014895,4.100149,3.360149,2.600149,0.16014892
-4.579851,-5.279851,-4.769851,-3.999851,-3.909851,-3.8598511,-4.899851,-5.819851,-6.009851,-4.639851,-4.579851,-4.759851,-4.309851,-2.5998511,-3.0698512,-2.3498511,-3.259851,-3.149851,-3.3498511,-3.979851,-4.969851,-5.719851,-5.359851,-5.259851,-3.989851,3.380149,3.000149,4.070149,3.520149,2.880149,1.8801489,3.010149,2.770149,3.030149,1.9701489,0.13014893,-0.68985105,-1.079851,-0.18985108,-1.1198511,-2.3198512,-3.029851,-2.479851,-2.0998511,-1.8598511,-0.7798511,0.21014893,-0.6598511,-1.2998511,-1.3898511,-1.339851,1.2301489,2.260149,1.820149,2.330149,3.4101489,2.9101489,2.310149
