data/wind_data.json
{"header": {"productDefinitionTemplate": 0, "surface1Type": 103, "scanMode": 0, "genProcessType": 2, "winds": "true", "productStatus": 0, "disciplineName": "Meteorological products", "parameterUnit": "m.s-1", "significanceOfRT": 1, "productDefinitionTemplateName": "Analysis/forecast at horizontal level/layer at a point in time", "centerName": "US National Weather Service - NCEP(WMC)", "la1": 90.0, "la2": -90.0, "discipline": 0, "lo2": 359.0, "subcenter": 0, "surface2Value": 0.0, "significanceOfRTName": "Start of forecast", "surface1Value": 10.0, "parameterNumberName": "V-component_of_wind", "shapeName": "Earth spherical with radius of 6,371,229.0 m", "surface2Type": 255, "genProcessTypeName": "Forecast", "surface1TypeName": "Specified height level above ground", "nx": 360, "ny": 181, "productTypeName": "Forecast products", "basicAngle": 0, "gridDefinitionTemplate": 0, "gridDefinitionTemplateName": "Latitude_Longitude", "parameterNumber": 3, "dx": 1.0, "dy": 1.0, "gridUnits": "degrees", "parameterCategoryName": "Momentum", "parameterCategory": 2, "numberPoints": 65160, "center": 7, "productStatusName": "Operational products", "gribEdition": 2, "shape": 6, "forecastTime": 6, "surface2TypeName": "Missing", "refTime": "2019-09-02T06:00:00.000Z", "productType": 1, "lo1": 0.0, "resolution": 48, "gribLength": 79958}, "data":
[rows 26 to 51 of 181, columns 300 to 359 of 360]
10.083679,11.47368,11.803679,11.803679,10.913679,11.053679,9.713679,8.97368,8.593679,2.0336792,4.313679,4.6536794,3.9936793,2.4636793,0.9336792,-0.3763208,-1.5663208,-1.4563208,-2.2463207,-0.6463208,-7.3063207,-6.5963206,-2.1763208,-3.6563208,2.0836792,3.2236793,3.2936792,3.2536793,2.683679,1.5336792,0.053679198,-1.0263208,-2.5963209,-4.186321,-4.506321,-5.046321,-1.9363208,-6.416321,-3.6563208,-2.4263208,-4.336321,-2.6663208,0.7636792,0.5936792,2.1136792,-4.3063207,-1.6463208,-3.7663207,-2.2763207,-4.236321,-3.6163208,-3.8463209,-5.026321,-3.6363208,-1.4963208,0.1136792,0.9036792,1.0036792,1.2236792,3.5336792
8.713679,9.793679,9.943679,9.093679,8.383679,7.783679,7.163679,6.4436793,6.323679,5.6736794,2.3036792,4.723679,3.3136792,0.2436792,-1.6763208,0.1036792,-0.5363208,0.5236792,-0.9963208,-6.0763206,-8.226321,-8.846321,-1.5863208,-1.2963208,0.4636792,2.1136792,3.2836792,3.2936792,2.3836792,1.1236792,0.1936792,-0.7063208,-2.066321,-3.556321,-4.436321,-4.166321,-4.646321,-5.086321,-3.4163208,-6.666321,-0.7963208,-1.6663208,-4.0963206,3.8436792,0.7836792,-0.8763208,-1.4863209,-2.5163207,-2.5163207,-2.6663208,-3.6763208,-3.816321,-5.566321,-6.566321,-5.816321,-5.486321,-3.7063208,-2.556321,-0.27632082,7.0036793
6.803679,7.323679,7.073679,6.9436793,6.163679,5.313679,4.163679,3.5736792,3.2636793,2.8336792,0.9436792,0.023679199,0.8936792,-1.5763208,-0.8163208,0.2936792,-0.6063208,-1.3463207,-5.5363207,-8.60632,-9.086321,-3.576321,-3.2763207,-3.0263207,-0.1563208,0.8736792,2.0636792,2.203679,1.5636792,1.3136792,0.6336792,-0.0363208,-1.6763208,-2.7163208,-3.4363208,-3.5863209,-3.2263207,-2.8863208,-3.1763208,-4.8663206,-4.106321,-1.6263208,-1.9363208,-2.2563207,-1.4263208,-2.6863208,-2.4563208,-2.0363207,-2.4863207,-3.0163207,-3.9363208,-4.966321,-5.8863206,-1.9763207,-6.296321,-3.326321,-1.8363208,-2.2363207,7.0236793,9.043679
5.873679,5.6736794,6.643679,6.5936794,5.2736793,3.943679,2.8936791,1.8836792,0.6736792,-0.1263208,-0.8563208,-2.9363208,-0.6963208,-0.4063208,0.7136792,0.3736792,-1.9063208,-1.9463208,-13.046321,-11.956321,-7.896321,-3.9363208,-2.9063208,-1.9463208,-0.3763208,-0.5263208,0.1936792,1.2336792,1.6836792,2.0936792,1.4436792,0.2936792,-0.5463208,-1.2163208,-1.6463208,-1.9163208,-2.1763208,-2.6263208,-2.8763208,-2.826321,-2.6263208,-2.4263208,-2.4763207,-2.5163207,-2.3963208,-3.4363208,-2.7263207,-3.1163208,-3.566321,-4.1563206,-5.146321,-5.106321,-4.416321,-2.3563209,-0.4463208,0.1336792,0.3436792,1.5036792,8.14368,7.4836793
4.103679,5.293679,6.663679,7.603679,7.1136794,5.6536794,3.673679,2.0636792,0.8836792,-1.0263208,-2.4763207,-3.296321,-5.836321,-5.546321,-0.8563208,-3.6163208,-4.2863207,-16.516321,-13.076321,-9.706321,-4.3263206,-2.9063208,-3.056321,-3.056321,-0.7563208,-0.3763208,0.0936792,-0.0963208,-0.1763208,0.7436792,0.8736792,0.7936792,0.4036792,0.013679199,-0.1463208,-0.2663208,-0.0563208,0.053679198,0.2236792,-0.0263208,-0.3663208,-0.3863208,-1.0563208,-2.2463207,-2.9563208,-3.316321,-3.1663208,-3.7863207,-3.1863208,-3.6363208,-3.576321,-4.0963206,0.6436792,1.2936792,0.6436792,-0.7763208,-0.0463208,5.8436794,6.4436793,8.583679
3.7336793,4.493679,5.433679,5.853679,5.2536793,4.543679,5.303679,5.123679,4.203679,0.7636792,-2.326321,-4.0763206,-5.696321,-7.9063206,0.6436792,-5.7663207,-14.716321,-13.786321,3.5636792,3.423679,2.7936792,1.9336792,2.2936792,0.9436792,3.2536793,3.0236793,3.2836792,2.8436792,2.7536793,2.2336793,2.1036792,1.4636792,-0.0963208,-0.6863208,1.3636792,0.8336792,1.9736792,1.9036793,1.6136792,0.4336792,-0.0563208,-0.9763208,-1.4863209,-1.6563208,-2.3763208,-3.306321,-3.0963209,-3.3463209,-4.146321,-4.2863207,-5.0963206,-5.9063206,-7.5563207,-11.076321,2.9636793,6.4636793,7.743679,9.633679,9.593679,9.273679
5.4636793,5.533679,6.043679,5.973679,5.803679,5.6536794,4.913679,4.1136794,3.5836792,3.8736792,-1.3763208,-4.086321,-5.4963207,-6.986321,-7.7263207,-8.546321,-4.3663206,2.3436792,3.2136793,4.803679,2.9736793,2.7836792,0.15367919,-1.7563208,-0.7963208,3.4936793,1.7736793,2.443679,2.5036793,2.6536791,2.0436792,1.9636792,2.5736792,2.0136793,1.8336792,1.6936792,2.0936792,1.3236792,1.3236792,1.3036792,1.0836792,0.2436792,0.5036792,-0.7663208,-0.5263208,-1.5763208,-3.1963208,-2.7363207,-2.6463208,-2.9963207,-3.4363208,-0.9163208,1.7836792,1.9436792,7.063679,2.443679,3.2736793,10.243679,12.053679,10.943679
8.313679,7.853679,8.843679,9.2636795,7.7136793,6.703679,6.683679,5.183679,3.8036792,1.5636792,-0.5963208,-3.6963208,-4.466321,-5.146321,-6.3263206,-5.8063207,-3.6963208,-0.6263208,4.103679,3.6336792,2.3736792,0.7536792,0.5236792,-1.2463208,-1.8763208,-2.546321,3.7636793,3.9836793,3.6036792,3.3836792,2.8736792,2.7936792,3.0836792,3.0036793,2.443679,1.7536792,1.3936791,0.9636792,1.3736792,1.4636792,1.6236792,1.6436791,1.7736793,1.5636792,0.8936792,0.5336792,0.1136792,0.063679196,0.8136792,1.9636792,2.1636791,2.8036792,3.4936793,3.8636792,5.893679,2.0436792,5.333679,7.553679,11.583679,10.22368
9.18368,8.343679,7.793679,8.72368,7.6536794,8.60368,5.9436793,5.353679,4.4836793,2.5236793,-0.2663208,-1.5463208,-3.3763208,-4.006321,-5.2863207,-6.206321,-1.6463208,1.3736792,2.453679,2.2736793,1.0036792,-0.3663208,-0.7963208,-2.4463208,-3.2163208,-3.8763208,2.0736792,4.513679,3.3636792,3.173679,3.2636793,3.1136792,3.0436792,3.0536792,2.683679,2.5036793,2.5336792,2.1236792,2.3036792,2.693679,2.453679,2.3936791,2.5836792,2.5836792,2.5336792,2.1336792,2.173679,2.6436791,3.8036792,4.1936793,4.833679,5.533679,5.183679,5.533679,5.763679,3.7236793,6.2536793,6.833679,8.613679,8.863679
7.4036794,4.723679,6.6936793,6.373679,6.9036794,7.783679,8.803679,7.1536794,5.243679,3.683679,1.9236792,-1.1463208,-2.0063207,-2.7863207,-3.306321,-4.376321,2.8836792,1.6836792,1.1236792,0.7736792,-0.6563208,-1.6963208,-1.8563209,-2.4063208,-3.4763207,-4.046321,-0.8263208,2.3636792,2.8436792,2.9136791,1.1036792,1.6436791,1.5336792,2.1536791,2.9136791,3.1536791,2.7436793,3.3136792,2.6436791,3.2936792,3.7736793,4.4636793,4.7336793,4.333679,3.9636793,3.693679,3.7636793,3.9736793,4.063679,4.7336793,5.7336793,5.0036793,3.6036792,2.8436792,4.303679,6.043679,5.583679,4.763679,2.933679,5.603679
5.143679,5.4036794,3.1236792,7.803679,6.393679,7.643679,8.563679,8.273679,6.823679,5.0036793,2.4636793,-0.1563208,-2.4063208,-2.7663207,-2.9963207,-2.3963208,-1.8963208,-1.5963207,-1.7663208,-1.6563208,-1.9063208,-2.3563209,-1.8163208,-3.306321,-3.826321,-3.796321,-1.0863208,0.6836792,1.9136792,2.0636792,0.5236792,1.9636792,4.123679,5.033679,6.323679,6.333679,5.1136794,4.5036793,4.4436793,4.723679,4.473679,4.913679,5.2136793,5.5036793,5.083679,3.7836792,4.743679,3.7536793,3.7236793,3.8436792,4.2736793,2.1236792,1.3636792,2.4036791,4.913679,7.203679,6.913679,6.2736793,4.303679,3.2136793
6.5036793,5.563679,5.803679,4.7136793,4.033679,7.203679,8.5136795,9.003679,7.473679,5.333679,2.4736793,0.7036792,-1.0163208,-2.1063209,-2.8763208,-3.316321,-3.6663208,-3.6063209,-3.076321,-2.5863209,-3.0363207,-3.9363208,-3.4363208,-5.3263206,-5.216321,-4.086321,-0.2063208,-0.6963208,2.203679,1.8236792,1.9636792,3.173679,5.4036794,6.5236793,6.7536793,6.743679,4.833679,4.283679,3.5636792,2.7936792,4.513679,6.953679,7.663679,7.5936794,6.4036794,5.783679,5.2736793,4.073679,3.3036792,3.7436793,4.0236793,2.8136792,2.0536792,2.7436793,3.6036792,5.953679,4.3836794,2.8936791,3.2836792,2.5736792
5.283679,4.9236794,5.683679,7.8636794,7.913679,6.493679,6.5936794,6.4636793,5.643679,4.5236793,2.2736793,1.6436791,0.1336792,-1.6963208,-3.046321,-3.6163208,-4.176321,-4.396321,-4.696321,-4.356321,-4.736321,-4.446321,-5.466321,-5.4963207,-4.586321,-2.5263207,-1.5363208,-0.5663208,2.3536792,1.6436791,1.3936791,3.7636793,7.5936794,6.833679,6.513679,5.583679,4.083679,2.3336792,3.0236793,5.373679,7.9636793,9.053679,8.813679,7.973679,6.813679,6.143679,4.723679,3.3036792,2.5836792,2.923679,2.0336792,1.5436792,1.9436792,4.453679,3.5936792,2.5436792,2.0036793,1.7036792,2.5536792,1.6236792
4.8436794,5.703679,6.2136793,7.053679,2.9836793,6.2536793,5.7736793,4.9436793,3.8736792,3.7136793,3.7536793,2.0836792,0.2136792,-1.3063208,-3.0263207,-4.506321,-5.106321,-4.986321,-4.776321,-5.9063206,-6.5563207,-6.7463207,-6.776321,-6.086321,-2.7863207,-2.9063208,-2.4063208,0.7536792,0.5536792,0.5036792,4.4436793,6.413679,6.6736794,6.393679,5.683679,4.2736793,3.7236793,3.183679,4.373679,6.063679,9.533679,9.64368,9.323679,8.063679,6.743679,4.9036794,2.3236792,2.0236793,1.6436791,1.5836792,1.2136792,1.8636792,1.1936792,1.4436792,1.0736792,0.2536792,0.4136792,-0.0163208,1.2036792,1.9836792
7.803679,6.9236794,8.783679,3.0136793,3.7236793,6.9036794,5.813679,3.8236792,2.7536793,2.5436792,1.9436792,0.8136792,-1.9263208,-3.9963207,-4.1563206,-3.7663207,-5.196321,-6.4763207,-6.876321,-7.486321,-7.896321,-7.2463207,-6.196321,-3.7063208,-3.6863208,-3.4563208,-2.0163207,-1.0663208,-0.7063208,3.3036792,6.473679,5.553679,6.0036793,5.3836794,3.9136791,3.6336792,3.6236792,4.393679,4.663679,7.563679,9.483679,9.18368,8.173679,6.7736793,4.823679,2.6136792,1.9036793,2.693679,0.8136792,-0.116320804,0.15367919,0.4336792,0.3436792,-0.3563208,0.9836792,0.9736792,1.3636792,1.4436792,1.6736792,0.4636792
9.43368,8.953679,2.1436791,4.353679,2.5336792,2.5436792,2.4636793,3.2836792,1.2636791,0.5136792,-0.2463208,-1.0963207,-3.3463209,-5.176321,-4.9063206,-4.6163206,-6.5563207,-8.516321,-9.006321,-8.296321,-8.286321,-7.086321,-5.816321,-5.0763206,-3.9263208,-1.7763208,0.2836792,-0.9463208,3.2336793,5.283679,4.143679,4.1136794,5.4436793,4.0036793,3.4036791,4.4236794,6.103679,7.103679,8.243679,9.35368,9.173679,8.203679,6.853679,5.393679,3.3936791,2.683679,0.5236792,1.5036792,0.8436792,-0.1263208,1.8636792,1.3636792,2.0836792,0.7536792,-0.2863208,-1.5363208,0.1336792,-1.4963208,-0.1763208,-1.7163208
8.543679,3.1336792,5.7136793,2.7436793,2.3136792,3.173679,3.5236793,4.0936794,0.5336792,-1.2963208,-1.8063208,-3.3663208,-4.486321,-4.686321,-6.236321,-8.60632,-9.506321,-9.89632,-8.916321,-8.546321,-8.306321,-6.506321,-5.676321,-4.966321,-2.8563209,-1.5363208,-2.296321,2.683679,4.243679,3.7236793,3.0836792,2.9136791,4.803679,6.3836794,6.823679,6.803679,7.493679,8.923679,8.693679,7.9436793,7.223679,6.073679,5.103679,4.103679,2.1336792,2.0736792,2.183679,1.1236792,1.7836792,1.1436791,0.7136792,0.4436792,0.0936792,0.0736792,0.2536792,-0.7663208,-1.0663208,-2.1363208,-2.5263207,-2.9863207
8.573679,6.043679,3.8136792,1.4436792,1.4636792,0.3836792,3.693679,2.203679,1.2736793,-0.8263208,-3.0963209,-4.6363206,-5.896321,-7.676321,-9.596321,-9.686321,-9.10632,-9.296321,-9.576321,-8.916321,-7.1163206,-7.176321,-5.4063206,-5.396321,-3.806321,-1.2563208,1.9536792,2.1636791,1.0136791,2.9736793,4.6536794,6.143679,7.333679,6.4836793,5.793679,5.663679,7.053679,8.203679,7.123679,6.4436793,5.6536794,4.623679,3.4836793,2.1536791,1.1936792,0.6436792,0.7236792,-0.5263208,-0.6063208,-1.0463208,-0.9363208,-1.1563208,-0.8963208,-1.5163208,-1.9863209,-1.9163208,-2.4563208,-3.0963209,-3.1963208,-3.1763208
3.9736793,5.1736794,1.7336792,0.2636792,0.1836792,-0.0563208,0.9336792,1.9036793,1.9636792,-0.1363208,-2.6563208,-4.926321,-6.7863207,-8.956321,-9.426321,-9.286321,-10.176321,-10.326321,-9.60632,-8.976321,-8.256321,-7.626321,-7.756321,-1.5663208,-0.6063208,-0.6663208,-0.6463208,2.8736792,4.493679,4.803679,6.143679,6.6936793,7.493679,6.973679,6.063679,7.1336794,6.9236794,6.033679,5.563679,4.7736793,3.5636792,2.8236792,2.0136793,0.9336792,-0.4263208,-1.4663208,-2.1063209,-2.1363208,-2.7863207,-2.4563208,-2.3763208,-2.0263207,-2.4463208,-2.1963208,-3.2363207,-3.306321,-3.7063208,-4.296321,-3.8863208,-3.1263208
5.6136794,3.3836792,0.4036792,-0.5163208,-1.4463208,-1.2863208,-0.1563208,-0.27632082,1.0336792,0.6236792,-1.6863208,-4.166321,-6.4963207,-8.956321,-9.786321,-10.27632,-10.366321,-10.186321,-9.696321,-9.746321,-8.416321,-8.886321,-3.4963207,-4.0163207,-3.576321,4.333679,6.353679,5.763679,6.033679,6.493679,6.303679,7.313679,6.6536794,6.353679,6.293679,6.143679,5.1736794,4.513679,3.6136792,2.7136793,1.7636791,1.2636791,-0.3163208,-1.7163208,-2.8363209,-3.576321,-3.9863207,-4.6563206,-4.396321,-4.446321,-4.3263206,-4.256321,-3.7363207,-3.066321,-2.9763207,-2.9763207,-3.7163208,-4.776321,-6.006321,-3.326321
4.9036794,2.6536791,0.6336792,-0.8563208,-0.7263208,-1.8763208,-2.7363207,-2.0163207,-0.9363208,-1.1963208,-2.8363209,-4.916321,-7.3663206,-9.246321,-10.636321,-10.136321,-9.596321,-9.916321,-10.006321,-8.85632,-7.506321,-7.376321,-0.7763208,4.533679,4.573679,7.723679,6.663679,6.0936794,5.9036794,5.9836793,6.803679,7.313679,6.123679,5.203679,4.9636793,3.8136792,3.3736792,3.2236793,2.4136791,1.1436791,0.3236792,-0.5163208,-2.0963209,-3.3363209,-4.796321,-5.586321,-6.196321,-6.566321,-6.916321,-6.9063206,-7.2663207,-6.456321,-4.5363207,-1.2463208,-0.6163208,-1.9363208,-3.5863209,-4.3863206,-5.146321,-2.2763207
3.8936791,2.443679,1.0036792,-0.3063208,-1.9463208,-2.6363208,-3.056321,-3.306321,-3.2463207,-3.4463208,-5.0363207,-5.8863206,-7.336321,-8.666321,-9.176321,-9.516321,-10.036321,-10.086321,-9.706321,-8.696321,-8.936321,1.4036793,5.473679,4.4036794,4.333679,6.043679,6.063679,5.603679,5.8636794,6.453679,7.2536793,6.063679,5.073679,4.0036793,2.6036792,1.8536792,0.4036792,1.9936792,0.9236792,-0.2863208,-1.0463208,-2.1363208,-3.4263208,-5.126321,-6.3063207,-7.416321,-8.286321,-8.946321,-9.926321,-10.656321,-11.466321,-3.2263207,-1.7563208,-2.1863208,-1.9163208,-2.0263207,-3.9163208,-3.1963208,-3.3563209,-3.8963208
3.1336792,1.8536792,0.6436792,-0.9963208,-2.3763208,-3.3363209,-4.236321,-4.986321,-5.4763207,-5.686321,-6.2863207,-7.2663207,-7.896321,-8.576321,-9.046321,-9.336321,-9.226321,-10.02632,-9.376321,-9.786321,-0.6863208,3.9136791,5.323679,-0.0263208,5.623679,7.013679,5.7536793,5.043679,5.013679,7.163679,5.6736794,4.0036793,2.5536792,0.5836792,0.3636792,2.8636792,2.7336793,1.1436791,-0.3263208,-1.1663208,-2.066321,-3.4863207,-4.736321,-6.1363206,-7.526321,-8.546321,-9.866321,-10.786321,-11.406321,-11.886321,-8.06632,-3.8663208,1.3536792,2.2636793,-1.4063208,-4.3663206,-6.166321,-2.1263208,-5.5963206,-6.526321
3.3936791,2.1236792,0.5536792,-0.5363208,-1.8163208,-2.6163208,-3.7163208,-4.606321,-5.956321,-6.736321,-7.196321,-7.696321,-8.126321,-8.516321,-9.346321,-10.686321,-3.3463209,-7.126321,-9.386321,-3.8563209,0.4136792,3.1336792,7.453679,6.4036794,10.333679,8.323679,6.183679,5.353679,6.5236793,5.813679,3.8636792,1.8036792,0.7836792,-1.2763208,2.7236793,1.9036793,1.1636792,0.7036792,-1.3063208,-1.8363208,-3.0163207,-4.176321,-5.7863207,-7.256321,-8.14632,-9.576321,-10.266321,-11.126321,-11.156321,-8.826321,-8.126321,-2.9463208,-1.0263208,-2.9863207,-2.7363207,-2.9863207,-2.1663208,-0.5363208,-0.4963208,-4.8663206
3.8736792,2.3136792,0.5736792,-0.5363208,-2.2863207,-3.2063208,-3.8963208,-4.706321,-5.566321,-6.396321,-6.946321,-7.666321,-8.166321,-8.39632,-8.716321,-4.396321,-4.6563206,-7.2863207,-8.406321,-0.9163208,1.4836792,7.493679,7.3436794,10.543679,-1.6763208,7.053679,6.3436794,6.953679,6.513679,4.803679,2.0836792,1.3536792,-3.3763208,2.0736792,2.3436792,1.6436791,-0.0263208,-1.3863208,-1.7463208,-2.9963207,-3.8463209,-5.3663206,-6.5763206,-7.926321,-8.846321,-9.546321,-10.466321,-11.06632,-9.206321,-7.5563207,-5.5563207,-4.0563207,1.7836792,0.8736792,1.2136792,-0.6863208,-0.2163208,2.4936793,4.283679,2.6636791
4.4036794,2.1636791,-0.0663208,-1.8663208,-3.306321,-4.4763207,-4.796321,-6.236321,-6.126321,-6.4763207,-7.586321,-8.476321,-9.196321,-9.226321,-0.7463208,-1.9763207,-4.926321,-7.626321,-7.9063206,1.4736792,2.683679,3.8136792,3.173679,7.3636794,7.1736794,7.893679,5.823679,6.513679,5.373679,2.8236792,0.9136792,0.4436792,-4.9063206,0.5936792,1.4736792,0.1136792,-0.8663208,-1.2763208,-2.566321,-3.806321,-4.716321,-6.6363206,-7.566321,-8.626321,-8.7363205,-9.496321,-10.296321,-10.02632,-7.646321,-4.1563206,-2.7663207,0.5036792,0.2236792,0.6136792,0.4136792,0.7536792,-0.8763208,1.8036792,6.7736793,3.7636793
