data/wind_data.json
{"header": {"productDefinitionTemplate": 0, "surface1Type": 103, "scanMode": 0, "genProcessType": 2, "winds": "true", "productStatus": 0, "disciplineName": "Meteorological products", "parameterUnit": "m.s-1", "significanceOfRT": 1, "productDefinitionTemplateName": "Analysis/forecast at horizontal level/layer at a point in time", "centerName": "US National Weather Service - NCEP(WMC)", "la1": 90.0, "la2": -90.0, "discipline": 0, "lo2": 359.0, "subcenter": 0, "surface2Value": 0.0, "significanceOfRTName": "Start of forecast", "surface1Value": 10.0, "parameterNumberName": "U-component_of_wind", "shapeName": "Earth spherical with radius of 6,371,229.0 m", "surface2Type": 255, "genProcessTypeName": "Forecast", "surface1TypeName": "Specified height level above ground", "nx": 360, "ny": 181, "productTypeName": "Forecast products", "basicAngle": 0, "gridDefinitionTemplate": 0, "gridDefinitionTemplateName": "Latitude_Longitude", "parameterNumber": 2, "dx": 1.0, "dy": 1.0, "gridUnits": "degrees", "parameterCategoryName": "Momentum", "parameterCategory": 2, "numberPoints": 65160, "center": 7, "productStatusName": "Operational products", "gribEdition": 2, "shape": 6, "forecastTime": 6, "surface2TypeName": "Missing", "refTime": "2019-09-02T06:00:00.000Z", "productType": 1, "lo1": 0.0, "resolution": 48, "gribLength": 79396}, "data":
[rows 78 to 103 of 181, columns 0 to 57 of 360]
-0.119851075,-0.089851074,-0.10985108,-1.2998511,-1.8898511,-0.46985108,0.2901489,0.34014893,0.63014895,2.130149,1.040149,0.6801489,1.7501489,-0.059851073,0.96014893,0.94014895,1.2401489,6.940149,0.6001489,-2.1098511,-2.279851,-3.119851,-2.019851,-3.279851,1.820149,2.4601488,2.220149,1.2401489,2.250149,0.63014895,3.230149,3.000149,4.140149,4.7701488,4.220149,2.6801488,1.6101489,0.51014894,-0.74985105,0.8401489,-2.669851,-1.5298511,0.30014893,-5.4798512,2.350149,1.050149,4.740149,7.510149,6.190149,6.850149,6.840149,-1.839851,3.6801488,4.800149,3.530149,7.360149,8.860149,9.230149
-0.86985105,0.8701489,-0.72985107,0.49014893,0.6801489,0.52014893,0.25014892,1.5101489,1.9901489,1.1501489,1.3601489,2.260149,1.940149,1.7401489,1.060149,2.870149,0.9701489,3.540149,3.030149,1.4901489,0.6801489,-0.4898511,-0.019851074,0.9201489,2.6801488,3.1501489,2.4601488,0.090148926,1.0001489,-1.949851,0.6201489,2.810149,2.980149,4.2701488,2.470149,1.1401489,1.9901489,-0.5898511,-1.5498511,-1.3898511,-2.719851,1.8801489,3.070149,5.200149,-2.409851,1.420149,5.0201488,5.370149,0.43014893,1.8301489,8.410149,1.4601489,2.4001489,5.180149,7.470149,7.870149,8.910149,9.370149
-0.7598511,-0.39985108,-0.029851073,0.71014893,1.170149,1.1101489,-1.0198511,1.8401489,0.51014894,-0.15985107,0.58014894,2.1601489,-0.27985108,1.2401489,1.7201489,3.570149,0.8701489,2.610149,3.030149,1.9701489,1.420149,0.7301489,-0.30985108,0.10014892,0.83014894,1.3801489,0.7201489,0.30014893,0.40014893,-0.60985106,-1.569851,3.6401489,1.6401489,3.120149,3.790149,0.75014895,0.6601489,-0.14985107,0.6501489,0.15014893,-2.8198512,5.5201488,4.260149,4.0201488,-0.8198511,3.070149,5.350149,5.690149,7.500149,9.470149,8.390149,-0.31985107,4.160149,6.500149,7.780149,7.960149,9.040149,9.560149
1.7001489,-0.40985107,1.0001489,0.37014893,1.8501489,1.2101489,-0.40985107,2.2101488,-0.30985108,1.030149,2.1401489,1.800149,0.32014892,-0.6298511,1.7601489,1.280149,2.1401489,0.83014894,0.9701489,1.6101489,1.0101489,-0.019851074,-0.6998511,0.39014894,-0.42985108,-0.43985108,0.13014893,0.81014895,1.2501489,1.440149,-1.9998511,-0.119851075,1.5201489,2.870149,1.2001489,0.88014895,-0.6598511,0.6201489,-1.6498511,-0.91985106,-0.18985108,0.89014894,0.7801489,3.9001489,6.490149,5.360149,6.5601487,5.670149,7.000149,8.640149,8.900149,4.210149,6.010149,8.020149,8.460149,8.110149,7.350149,8.580149
1.5101489,0.69014895,2.330149,1.4701489,2.100149,1.570149,0.51014894,2.4401488,1.2101489,1.920149,2.2001488,1.6001489,1.050149,-1.0298511,-0.85985106,0.47014892,1.8401489,1.8901489,1.290149,1.170149,1.1101489,-0.46985108,-0.39985108,0.090148926,0.7301489,0.9101489,1.070149,1.540149,2.020149,2.040149,1.660149,1.300149,3.010149,2.9401488,1.920149,1.940149,0.89014894,0.38014892,-1.8798511,2.830149,-2.259851,0.9901489,3.240149,5.930149,7.170149,7.490149,5.950149,6.620149,7.660149,7.390149,2.750149,4.530149,7.760149,8.200149,8.060149,7.220149,6.5801487,7.620149
-0.12985107,0.9201489,2.350149,1.9001489,1.8701489,1.1101489,1.4501489,1.2501489,0.6601489,2.350149,-0.06985107,0.7201489,0.23014893,-0.60985106,-0.78985107,-0.35985106,-0.6398511,-0.35985106,-0.5098511,-0.25985107,0.8601489,1.6001489,1.300149,1.320149,1.300149,1.6101489,2.030149,2.090149,1.6101489,1.530149,1.070149,1.570149,0.63014895,3.300149,0.25014892,1.1301489,0.060148925,1.0201489,0.30014893,-1.179851,-1.6698511,0.15014893,1.7501489,5.0201488,7.650149,7.780149,6.600149,6.3301487,6.470149,6.530149,2.980149,6.420149,7.970149,7.970149,7.240149,6.600149,6.8101487,7.400149
3.8901489,2.3901489,3.570149,4.340149,3.770149,3.4601488,1.3301489,2.240149,0.75014895,0.020148925,0.51014894,0.13014893,-0.059851073,0.33014894,1.530149,0.69014895,-0.5298511,0.9301489,0.5901489,1.1101489,1.5901489,1.5101489,2.300149,1.820149,1.790149,1.940149,1.9501489,1.930149,1.6501489,1.6401489,1.680149,1.6401489,2.6901488,2.2001488,2.030149,1.810149,-0.33985108,1.7101489,-1.2498511,-0.15985107,0.30014893,0.9001489,4.220149,5.180149,7.0401487,7.7701488,6.320149,6.490149,6.140149,2.3901489,5.410149,6.930149,6.780149,6.970149,6.3101487,6.200149,6.030149,6.100149
3.1901488,2.850149,2.4401488,2.9401488,2.9201488,3.470149,2.020149,1.290149,0.77014893,0.9201489,-1.0398511,1.0901489,1.7201489,1.4901489,1.690149,2.1501489,2.570149,1.7501489,0.9101489,1.0801489,1.780149,1.320149,0.95014894,0.7301489,0.83014894,1.030149,2.060149,1.6401489,1.5201489,1.6401489,2.080149,1.7301489,2.4401488,1.4001489,1.7101489,2.350149,-1.1298511,3.030149,2.9201488,-1.209851,1.570149,1.8701489,2.120149,5.710149,6.920149,5.140149,5.680149,6.3101487,2.750149,5.8101487,5.430149,5.550149,5.800149,5.690149,6.150149,6.030149,5.230149,5.320149
2.280149,2.9301488,1.9601489,2.290149,2.4001489,2.050149,2.110149,2.360149,1.7701489,-0.37985107,0.9101489,0.19014892,1.2101489,1.660149,2.1901488,1.440149,1.5801489,1.570149,-0.5098511,0.7401489,-0.119851075,1.3601489,1.6001489,1.8301489,0.8701489,1.2701489,2.230149,1.4501489,1.6101489,1.530149,0.7301489,1.0901489,0.8501489,0.16014892,-0.13985108,-1.829851,3.850149,0.44014892,-2.709851,0.020148925,1.0101489,1.280149,3.2001488,4.0401487,6.030149,4.690149,5.850149,1.920149,4.550149,4.110149,4.570149,4.380149,5.320149,5.220149,5.960149,5.800149,5.0801487,4.460149
0.6001489,2.570149,1.780149,1.540149,2.030149,2.4501488,2.350149,-0.23985107,0.040148925,1.9501489,3.040149,0.9201489,0.6601489,1.690149,2.230149,2.050149,1.690149,1.6301489,0.2601489,0.63014895,0.020148925,1.2201489,0.46014893,0.82014894,0.49014893,0.9301489,0.96014893,0.71014893,1.0901489,0.42014894,0.58014894,-0.8298511,0.19014892,-0.5798511,-1.2698511,-2.469851,-2.009851,-4.769851,-4.469851,-2.2898512,0.030148925,1.4501489,2.6801488,2.730149,3.1601489,3.330149,2.510149,4.360149,3.790149,3.360149,3.620149,4.400149,4.500149,5.180149,5.5401487,5.880149,4.710149,3.9601488
2.6701488,1.410149,1.1301489,0.9701489,1.6401489,1.7401489,2.020149,0.42014894,-0.30985108,1.040149,2.850149,1.3901489,0.8401489,0.8501489,2.040149,1.290149,1.8901489,2.080149,1.2101489,0.83014894,0.18014893,0.22014892,-0.7198511,0.27014893,1.0801489,0.25014892,0.47014892,1.0001489,1.2401489,0.6801489,0.6001489,0.16014892,0.71014893,-0.61985105,0.11014893,-1.939851,0.88014895,-4.319851,-5.529851,-3.229851,-1.4198511,0.64014894,0.40014893,2.250149,-0.28985107,2.050149,3.120149,3.340149,3.3901489,3.360149,3.350149,3.810149,3.6701488,3.790149,5.180149,5.590149,4.860149,3.220149
1.540149,0.6701489,0.41014892,0.7401489,0.52014893,1.660149,1.0101489,-0.38985106,0.28014892,0.31014892,1.3901489,0.35014892,0.44014892,1.420149,1.4901489,2.510149,1.6001489,1.3501489,1.4001489,0.94014895,0.45014894,0.28014892,0.41014892,0.41014892,-0.06985107,0.50014895,0.70014894,0.71014893,0.51014894,0.96014893,-0.6498511,0.12014893,0.00014892578,-0.9698511,0.9101489,0.35014892,-2.3098512,-4.039851,-6.159851,-3.5898511,-0.60985106,-1.0198511,-1.5198511,-0.8498511,2.4501488,2.610149,3.030149,2.800149,2.9401488,1.7401489,1.910149,1.7101489,3.120149,4.730149,5.680149,4.3301487,2.840149,-0.16985108
0.19014892,-0.029851073,0.47014892,0.31014892,1.070149,1.4601489,-0.42985108,0.71014893,1.040149,2.510149,0.060148925,1.3501489,1.060149,1.170149,1.3901489,2.600149,1.9901489,1.6401489,0.83014894,0.88014895,0.51014894,0.49014893,0.9901489,0.76014894,-0.27985108,-0.74985105,0.69014895,0.18014893,1.0101489,0.35014892,0.70014894,-0.7198511,-3.119851,-1.429851,3.730149,2.020149,-0.46985108,-0.79985106,-2.749851,-3.529851,-1.1598511,-1.2798511,-2.219851,0.7901489,0.69014895,1.3501489,1.4601489,1.7401489,1.550149,1.3501489,1.030149,2.1501489,2.880149,4.260149,3.6801488,1.6501489,-0.8998511,-3.0798512
-0.15985107,-0.13985108,-0.32985106,-0.039851073,0.95014894,1.2601489,0.4801489,0.5901489,0.83014894,2.340149,-0.28985107,1.2001489,1.2701489,0.8601489,1.9901489,2.9101489,1.0201489,-0.5798511,0.32014892,0.8601489,0.20014893,0.38014892,0.51014894,0.30014893,0.07014892,-0.30985108,0.42014894,0.8001489,1.030149,0.57014894,-0.5198511,-2.449851,-3.869851,0.38014892,2.9301488,0.28014892,-1.8998511,-2.479851,-2.489851,-3.389851,-0.79985106,-1.7698511,-0.21985108,0.89014894,0.12014893,1.7501489,0.38014892,0.81014895,1.290149,1.570149,0.76014894,2.330149,2.8901489,1.8501489,0.83014894,-0.68985105,-2.0398512,-2.959851
-1.0298511,-0.7198511,0.28014892,0.39014894,0.75014895,0.45014894,0.33014894,0.64014894,0.35014892,0.88014895,0.83014894,0.49014893,1.660149,1.420149,1.2101489,1.2401489,1.2401489,1.440149,1.3401489,1.3501489,1.2301489,0.34014893,0.07014892,0.7801489,0.6601489,0.20014893,1.060149,0.51014894,1.780149,-0.22985107,-2.469851,-2.429851,-2.379851,1.7101489,3.110149,-2.499851,-1.0198511,-4.4398513,-1.2698511,-4.1698513,-5.4198513,-2.279851,-0.61985105,-0.8798511,-0.4898511,0.33014894,0.10014892,0.44014892,1.180149,0.15014893,0.5901489,0.28014892,0.030148925,-0.53985107,-1.7598511,-0.7098511,-2.469851,-3.189851
-1.079851,-1.1698511,-0.53985107,0.28014892,0.010148926,0.17014892,0.44014892,0.82014894,0.7301489,1.1101489,0.64014894,2.6401489,1.910149,1.6101489,1.170149,1.2401489,1.320149,0.6101489,1.0801489,1.4701489,1.3701489,1.540149,0.2601489,0.41014892,0.28014892,0.71014893,0.57014894,1.050149,0.22014892,-6.6898513,-1.2998511,-3.699851,-0.68985105,1.440149,3.4001489,-2.0698512,-2.219851,-1.6198511,-0.8798511,-3.0398512,-3.389851,-1.0398511,-2.199851,-2.469851,-1.6498511,-0.68985105,-0.23985107,-0.2698511,0.35014892,0.28014892,-1.5498511,-0.9598511,-1.819851,-2.0998511,-2.8598511,-2.439851,-3.0798512,-4.949851
-1.4998511,-1.4098511,-1.3798511,-0.17985107,0.28014892,-0.119851075,0.32014892,0.18014893,0.8701489,0.45014894,1.2301489,0.82014894,1.790149,1.550149,2.480149,1.3901489,1.3901489,0.56014895,1.050149,1.180149,1.0901489,1.060149,0.40014893,0.12014893,-0.12985107,-1.4798511,-0.53985107,1.2001489,0.12014893,-3.3298512,2.4101489,-2.149851,-1.1198511,-1.7298511,-4.469851,-0.029851073,0.5501489,-5.019851,-3.019851,-2.939851,-0.9098511,-0.6598511,-3.3298512,-2.699851,-1.6598511,-0.54985106,-1.0198511,-1.699851,-0.8998511,-0.73985106,-2.449851,-3.2898512,-2.629851,-2.8598511,-4.249851,-4.399851,-4.279851,-5.219851
-2.0498512,-1.9898511,-1.6198511,-0.9598511,-0.24985108,-0.80985105,-0.42985108,0.22014892,1.0201489,0.28014892,0.77014893,1.5001489,2.1601489,1.8901489,1.420149,1.8701489,1.5201489,0.6001489,1.060149,1.0001489,1.410149,0.15014893,0.75014895,0.31014892,-1.8998511,-0.5098511,-1.0198511,-0.029851073,0.63014895,-1.2298511,4.220149,-1.7898511,-3.159851,-2.369851,-2.959851,-3.5598512,-3.0598512,-4.569851,-4.069851,-3.3198512,-1.949851,-1.7898511,-2.239851,-3.2898512,-2.119851,-1.0498511,-1.0498511,-2.229851,-2.379851,-2.729851,-3.8298512,-3.8398511,-3.369851,-3.439851,-5.4598513,-5.719851,-5.219851,-5.469851
-2.619851,-2.619851,-2.449851,-1.949851,-1.709851,-1.9798511,-1.4898511,-0.7798511,0.7301489,0.7301489,1.1101489,1.190149,0.5501489,1.9901489,1.9601489,2.480149,-0.5098511,1.3901489,1.1501489,0.030148925,1.280149,0.5401489,0.58014894,-0.31985107,0.41014892,-0.8298511,-0.5298511,-0.039851073,2.2001488,-4.009851,-0.23985107,-2.3298512,-2.3198512,-0.21985108,-3.429851,-3.739851,-3.5498512,-2.619851,-2.369851,-1.2298511,-2.3498511,-0.99985105,-2.389851,-3.639851,-3.209851,-2.709851,-2.5798512,-3.5498512,-2.5598512,-3.0598512,-3.879851,-4.469851,-3.879851,-3.449851,-5.6698513,-6.699851,-6.499851,-6.309851
-3.529851,-3.129851,-3.189851,-3.0698512,-2.689851,-2.5898511,-2.629851,-1.2498511,0.00014892578,0.7201489,1.050149,0.6801489,0.9301489,2.7001488,1.7501489,2.070149,-0.31985107,0.24014893,1.050149,0.40014893,0.040148925,0.13014893,0.69014895,-0.68985105,-1.1298511,-0.7198511,-0.8798511,-1.5298511,1.1301489,2.270149,0.88014895,-2.5398512,-0.93985105,-0.66985106,-2.7998512,-2.689851,-4.339851,-2.879851,-2.219851,-4.1898513,-3.0398512,-1.219851,-3.629851,-4.389851,-4.039851,-3.989851,-3.989851,-3.3498511,-3.419851,-3.879851,-4.469851,-4.139851,-4.349851,-4.4198513,-5.639851,-7.569851,-6.899851,-6.429851
-4.159851,-3.709851,-3.3498511,-3.659851,-3.5498512,-3.119851,-2.729851,-1.839851,-0.85985106,0.71014893,1.290149,1.530149,1.070149,3.4601488,2.4301488,0.10014892,-1.3698511,-0.049851075,-0.5798511,-0.5098511,-0.47985107,-0.9698511,0.2901489,-2.249851,-1.189851,-2.3298512,-2.0998511,-0.85985106,-1.9998511,-1.579851,-3.279851,3.050149,-0.47985107,-0.39985108,-2.489851,-2.899851,-3.899851,-1.6498511,-2.869851,-4.659851,-3.229851,-2.749851,-4.149851,-3.7998512,-5.549851,-5.1898513,-4.899851,-4.249851,-5.029851,-5.1898513,-4.989851,-4.759851,-4.529851,-4.619851,-5.9398513,-7.519851,-7.089851,-7.129851
-4.829851,-3.999851,-4.2098513,-4.119851,-4.269851,-3.379851,-2.619851,-2.159851,-1.579851,0.49014893,1.0201489,1.6301489,0.81014895,3.9001489,2.110149,1.8301489,-1.209851,-2.729851,-0.49985108,-2.429851,-1.199851,-0.5198511,-0.46985108,-0.019851074,-1.2898511,-3.279851,0.020148925,-3.419851,-3.389851,4.250149,-2.249851,-2.399851,-2.1098511,-3.689851,-0.80985105,-5.899851,-1.5298511,-1.969851,-1.929851,-3.999851,-3.499851,-3.029851,-4.049851,-2.939851,-3.479851,-4.039851,-5.499851,-5.739851,-5.849851,-6.019851,-5.719851,-5.289851,-5.279851,-5.099851,-6.7298512,-8.089851,-7.7098513,-8.089851
-5.069851,-4.429851,-4.4798512,-5.099851,-4.7098513,-3.3498511,-2.629851,-2.239851,-1.209851,-0.20985107,0.69014895,1.530149,1.1301489,3.470149,1.4801489,2.370149,-2.489851,-1.9898511,-2.5898511,-2.749851,-2.469851,-1.7698511,-1.7398511,0.11014893,-3.529851,-2.5898511,-4.039851,-2.679851,-1.089851,-2.469851,-2.989851,-2.939851,-3.3098512,-1.7798511,-5.079851,-4.599851,-2.2998512,0.15014893,-2.2898512,-1.6198511,-3.619851,-1.8998511,-1.8998511,-2.939851,-3.0898511,-4.369851,-6.1898513,-6.039851,-6.599851,-6.769851,-6.159851,-5.009851,-6.2098513,-7.079851,-7.789851,-8.2198515,-8.579851,-8.489851
-5.289851,-4.399851,-4.279851,-4.619851,-4.629851,-3.429851,-3.129851,-2.249851,-1.0198511,-0.54985106,2.240149,0.52014893,1.4501489,2.080149,4.960149,1.7601489,-3.8598511,-3.699851,-2.649851,-2.959851,-3.519851,-3.769851,-2.8398511,-2.419851,-3.419851,-4.019851,-4.409851,-3.3298512,-3.719851,-3.949851,0.8701489,-4.309851,-4.579851,-4.1898513,-4.009851,-4.759851,-3.1098511,-2.5698512,-1.9198511,-2.889851,-4.7098513,-2.269851,0.6601489,0.36014894,-1.5198511,-0.6998511,-1.5098511,-2.8198512,-6.649851,-8.369851,-6.719851,-5.7098513,-6.389851,-7.219851,-8.589851,-8.389851,-9.069851,-8.829851
-5.179851,-4.819851,-4.1898513,-4.759851,-4.6898513,-4.319851,-3.209851,-2.199851,-1.219851,-0.53985107,0.42014894,1.5101489,1.790149,2.580149,2.7001488,-4.069851,-3.699851,-3.2898512,-3.759851,-3.8198512,-3.959851,-4.649851,-4.149851,-3.259851,-2.919851,-3.379851,-4.219851,-3.659851,-3.729851,-3.0698512,-3.919851,-4.839851,0.7201489,-4.559851,-1.9898511,2.340149,-2.779851,-1.5398511,-2.909851,-2.439851,-5.589851,-2.469851,-0.119851075,-1.4798511,-1.5098511,-0.7098511,-0.34985107,0.32014892,1.800149,-5.759851,-6.469851,-5.279851,-5.519851,-6.999851,-7.529851,-7.749851,-8.529851,-8.979851
-5.159851,-5.029851,-4.339851,-4.039851,-4.509851,-4.969851,-3.729851,-2.3598511,-1.079851,-0.44985107,0.6201489,1.6101489,2.030149,4.240149,3.980149,-3.279851,-5.059851,-4.1898513,-3.009851,-3.2898512,-3.699851,-4.009851,-3.869851,-3.3298512,-2.909851,-3.149851,-3.3198512,-3.2898512,-2.8298512,-3.439851,-3.8398511,-4.4798512,-2.8498511,-5.1698513,-4.329851,0.060148925,-4.099851,-0.9698511,0.75014895,-2.739851,-5.849851,-2.409851,-0.38985106,-0.39985108,-1.6098511,-1.589851,1.8601489,1.310149,5.400149,3.990149,-6.769851,-2.909851,-5.019851,-5.809851,-7.949851,-6.9398513,-8.2198515,-8.959851
